100
100 0.000000000000 970505.547730779974 1254803.636214480037 3517257.452082930133 3517257.452082930133 4000000.000000010245 4000000.000000010245 4000000.000000020023 4000000.000000020023 4000000.000000020023 4000000.000000020023 4000000.000000020489 4000000.000000020489 4000000.000000010245 4000000.000000020489 4000000.000000010245 4000000.000000010245 4000000.000000010245 4000000.000000000466 4000000.000000000466 4000000.000000000466 4000000.000000010245 4000000.000000010245 4000000.000000000466 4000000.000000000466 4000000.000000010245 4000000.000000010245 4000000.000000010245 4000000.000000020489 4000000.000000020489 4000000.000000010245 4000000.000000010245 4000000.000000010245 4000000.000000010245 4000000.000000020489 4000000.000000020489 4000000.000000010245 4000000.000000010245 4000000.000000010245 4000000.000000020489 4000000.000000000000 3999999.999999990221 3999999.999999990221 4000000.000000000000 4000000.000000000000 4000000.000000000000 4000000.000000000000 4000000.000000000000 3999999.999999990221 4000000.000000000466 3999999.999999990221 3999999.999999990221 3999999.999999990221 3999999.999999990221 3999999.999999990221 3999999.999999990221 3999999.999999990221 3999999.999999990221 3999999.999999990221 4000000.000000010245 4000000.000000000466 4000000.000000000466 4000000.000000010245 4000000.000000010245 4000000.000000010245 4000000.000000010245 4000000.000000010245 4000000.000000010245 4000000.000000010245 4000000.000000010245 4000000.000000010245 4000000.000000010245 4000000.000000000466 4000000.000000000000 4000000.000000000000 4000000.000000010245 4000000.000000010245 4000000.000000000466 4000000.000000000466 4000000.000000000466 4000000.000000000466 4000000.000000000466 4000000.000000000466 4000000.000000000000 4000000.000000000466 3999999.999999990221 3999999.999999990221 3999999.999999990221 3999999.999999990221 4000000.000000000466 4000000.000000010245 4000000.000000010245 4000000.000000010245 4000000.000000010245 4000000.000000010245 4000000.000000000000 4000000.000000000466 4000000.000000010245 4000000.000000010245 4000000.000000010245
99 970505.547730779974 0.000000000000 1254803.636214480037 3517257.452082930133 3517257.452082930133 4000000.000000010245 4000000.000000010245 4000000.000000020023 4000000.000000020023 4000000.000000020023 4000000.000000020023 4000000.000000020489 4000000.000000020489 4000000.000000010245 4000000.000000020489 4000000.000000010245 4000000.000000010245 4000000.000000010245 4000000.000000000466 4000000.000000000466 4000000.000000000466 4000000.000000010245 4000000.000000010245 4000000.000000000466 4000000.000000000466 4000000.000000010245 4000000.000000010245 4000000.000000010245 4000000.000000020489 4000000.000000020489 4000000.000000010245 4000000.000000010245 4000000.000000010245 4000000.000000010245 4000000.000000020489 4000000.000000020489 4000000.000000010245 4000000.000000010245 4000000.000000010245 4000000.000000020489 4000000.000000000000 3999999.999999990221 3999999.999999990221 4000000.000000000000 4000000.000000000000 4000000.000000000000 4000000.000000000000 4000000.000000000000 3999999.999999990221 4000000.000000000466 3999999.999999990221 3999999.999999990221 3999999.999999990221 3999999.999999990221 3999999.999999990221 3999999.999999990221 3999999.999999990221 3999999.999999990221 3999999.999999990221 4000000.000000010245 4000000.000000000466 4000000.000000000466 4000000.000000010245 4000000.000000010245 4000000.000000010245 4000000.000000010245 4000000.000000010245 4000000.000000010245 4000000.000000010245 4000000.000000010245 4000000.000000010245 4000000.000000010245 4000000.000000000466 4000000.000000000000 4000000.000000000000 4000000.000000010245 4000000.000000010245 4000000.000000000466 4000000.000000000466 4000000.000000000466 4000000.000000000466 4000000.000000000466 4000000.000000000466 4000000.000000000000 4000000.000000000466 3999999.999999990221 3999999.999999990221 3999999.999999990221 3999999.999999990221 4000000.000000000466 4000000.000000010245 4000000.000000010245 4000000.000000010245 4000000.000000010245 4000000.000000010245 4000000.000000000000 4000000.000000000466 4000000.000000010245 4000000.000000010245 4000000.000000010245
98 1254803.636214480037 1254803.636214480037 0.000000000000 3517257.452082930133 3517257.452082930133 4000000.000000010245 4000000.000000010245 4000000.000000020023 4000000.000000020023 4000000.000000020023 4000000.000000020023 4000000.000000020489 4000000.000000020489 4000000.000000010245 4000000.000000020489 4000000.000000010245 4000000.000000010245 4000000.000000010245 4000000.000000000466 4000000.000000000466 4000000.000000000466 4000000.000000010245 4000000.000000010245 4000000.000000000466 4000000.000000000466 4000000.000000010245 4000000.000000010245 4000000.000000010245 4000000.000000020489 4000000.000000020489 4000000.000000010245 4000000.000000010245 4000000.000000010245 4000000.000000010245 4000000.000000020489 4000000.000000020489 4000000.000000010245 4000000.000000010245 4000000.000000010245 4000000.000000020489 4000000.000000000000 3999999.999999990221 3999999.999999990221 4000000.000000000000 4000000.000000000000 4000000.000000000000 4000000.000000000000 4000000.000000000000 3999999.999999990221 4000000.000000000466 3999999.999999990221 3999999.999999990221 3999999.999999990221 3999999.999999990221 3999999.999999990221 3999999.999999990221 3999999.999999990221 3999999.999999990221 3999999.999999990221 4000000.000000010245 4000000.000000000466 4000000.000000000466 4000000.000000010245 4000000.000000010245 4000000.000000010245 4000000.000000010245 4000000.000000010245 4000000.000000010245 4000000.000000010245 4000000.000000010245 4000000.000000010245 4000000.000000010245 4000000.000000000466 4000000.000000000000 4000000.000000000000 4000000.000000010245 4000000.000000010245 4000000.000000000466 4000000.000000000466 4000000.000000000466 4000000.000000000466 4000000.000000000466 4000000.000000000466 4000000.000000000000 4000000.000000000466 3999999.999999990221 3999999.999999990221 3999999.999999990221 3999999.999999990221 4000000.000000000466 4000000.000000010245 4000000.000000010245 4000000.000000010245 4000000.000000010245 4000000.000000010245 4000000.000000000000 4000000.000000000466 4000000.000000010245 4000000.000000010245 4000000.000000010245
97 3517257.452082930133 3517257.452082930133 3517257.452082930133 0.000000000000 1551075.707620440051 4000000.000000000000 4000000.000000000000 4000000.000000009779 4000000.000000009779 4000000.000000009779 4000000.000000009779 4000000.000000010245 4000000.000000010245 4000000.000000000000 4000000.000000010245 4000000.000000000000 4000000.000000000000 4000000.000000000000 3999999.999999990221 3999999.999999990221 3999999.999999990221 4000000.000000000000 4000000.000000000000 3999999.999999990221 3999999.999999990221 4000000.000000000000 4000000.000000000000 4000000.000000000000 4000000.000000010245 4000000.000000010245 4000000.000000000000 4000000.000000000000 4000000.000000000000 4000000.000000000000 4000000.000000010245 4000000.000000010245 4000000.000000000000 4000000.000000000000 4000000.000000000000 4000000.000000010245 3999999.999999989755 3999999.999999979977 3999999.999999979977 3999999.999999989755 3999999.999999989755 3999999.999999989755 3999999.999999989755 3999999.999999989755 3999999.999999979977 3999999.999999990221 3999999.999999979977 3999999.999999979977 3999999.999999979977 3999999.999999979977 3999999.999999979977 3999999.999999979977 3999999.999999979977 3999999.999999979977 3999999.999999979977 4000000.000000000000 3999999.999999990221 3999999.999999990221 4000000.000000000000 4000000.000000000000 4000000.000000000000 4000000.000000000000 4000000.000000000000 4000000.000000000000 4000000.000000000000 4000000.000000000000 4000000.000000000000 4000000.000000000000 3999999.999999990221 3999999.999999989755 3999999.999999989755 4000000.000000000000 4000000.000000000000 3999999.999999990221 3999999.999999990221 3999999.999999990221 3999999.999999990221 3999999.999999990221 3999999.999999990221 3999999.999999989755 3999999.999999990221 3999999.999999979977 3999999.999999979977 3999999.999999979977 3999999.999999979977 3999999.999999990221 4000000.000000000000 4000000.000000000000 4000000.000000000000 4000000.000000000000 4000000.000000000000 3999999.999999989755 3999999.999999990221 4000000.000000000000 4000000.000000000000 4000000.000000000000
96 3517257.452082930133 3517257.452082930133 3517257.452082930133 1551075.707620440051 0.000000000000 4000000.000000000000 4000000.000000000000 4000000.000000009779 4000000.000000009779 4000000.000000009779 4000000.000000009779 4000000.000000010245 4000000.000000010245 4000000.000000000000 4000000.000000010245 4000000.000000000000 4000000.000000000000 4000000.000000000000 3999999.999999990221 3999999.999999990221 3999999.999999990221 4000000.000000000000 4000000.000000000000 3999999.999999990221 3999999.999999990221 4000000.000000000000 4000000.000000000000 4000000.000000000000 4000000.000000010245 4000000.000000010245 4000000.000000000000 4000000.000000000000 4000000.000000000000 4000000.000000000000 4000000.000000010245 4000000.000000010245 4000000.000000000000 4000000.000000000000 4000000.000000000000 4000000.000000010245 3999999.999999989755 3999999.999999979977 3999999.999999979977 3999999.999999989755 3999999.999999989755 3999999.999999989755 3999999.999999989755 3999999.999999989755 3999999.999999979977 3999999.999999990221 3999999.999999979977 3999999.999999979977 3999999.999999979977 3999999.999999979977 3999999.999999979977 3999999.999999979977 3999999.999999979977 3999999.999999979977 3999999.999999979977 4000000.000000000000 3999999.999999990221 3999999.999999990221 4000000.000000000000 4000000.000000000000 4000000.000000000000 4000000.000000000000 4000000.000000000000 4000000.000000000000 4000000.000000000000 4000000.000000000000 4000000.000000000000 4000000.000000000000 3999999.999999990221 3999999.999999989755 3999999.999999989755 4000000.000000000000 4000000.000000000000 3999999.999999990221 3999999.999999990221 3999999.999999990221 3999999.999999990221 3999999.999999990221 3999999.999999990221 3999999.999999989755 3999999.999999990221 3999999.999999979977 3999999.999999979977 3999999.999999979977 3999999.999999979977 3999999.999999990221 4000000.000000000000 4000000.000000000000 4000000.000000000000 4000000.000000000000 4000000.000000000000 3999999.999999989755 3999999.999999990221 4000000.000000000000 4000000.000000000000 4000000.000000000000
79 4000000.000000010245 4000000.000000010245 4000000.000000010245 4000000.000000000000 4000000.000000000000 0.000000000000 1767530.466465840116 3369100.334876149893 3369100.334876149893 3369100.334876149893 3369100.334876149893 3369100.334876149893 3369100.334876149893 3369100.334876140114 3369100.334876149893 3369100.334876140114 3369100.334876140114 3369100.334876140114 3369100.334876130335 3369100.334876130335 3369100.334876130335 3369100.334876140114 3369100.334876140114 3369100.334876130335 3369100.334876130335 3369100.334876139648 3369100.334876140114 3369100.334876140114 3369100.334876149893 3369100.334876149893 3369100.334876140114 3369100.334876140114 3369100.334876140114 3369100.334876140114 3369100.334876149893 3369100.334876149893 3369100.334876140114 3369100.334876140114 3369100.334876140114 3369100.334876149893 3921843.918965489604 3921843.918965479825 3921843.918965479825 3921843.918965489604 3921843.918965489604 3921843.918965489604 3921843.918965489604 3921843.918965489604 3921843.918965479825 3921843.918965490069 3921843.918965479825 3921843.918965479825 3921843.918965479825 3921843.918965479825 3921843.918965479825 3921843.918965479825 3921843.918965479825 3921843.918965479825 3921843.918965479825 3921843.918965499848 3921843.918965490069 3921843.918965490069 3921843.918965499848 3921843.918965499848 3921843.918965499848 3921843.918965499848 3921843.918965499848 3921843.918965499848 3921843.918965499848 3921843.918965499848 3921843.918965499848 3921843.918965499848 3921843.918965490069 3921843.918965489604 3921843.918965489604 3921843.918965499848 3921843.918965499848 3921843.918965490069 3921843.918965490069 3921843.918965490069 3921843.918965490069 3921843.918965490069 3921843.918965490069 3921843.918965489604 3921843.918965490069 3921843.918965479825 3921843.918965479825 3921843.918965479825 3921843.918965479825 3921843.918965490069 3921843.918965499848 3921843.918965499848 3921843.918965499848 3921843.918965499848 3921843.918965499848 3921843.918965489604 3921843.918965490069 3921843.918965499848 3921843.918965499848 3921843.918965499848
5 4000000.000000010245 4000000.000000010245 4000000.000000010245 4000000.000000000000 4000000.000000000000 1767530.466465840116 0.000000000000 3369100.334876149893 3369100.334876149893 3369100.334876149893 3369100.334876149893 3369100.334876149893 3369100.334876149893 3369100.334876140114 3369100.334876149893 3369100.334876140114 3369100.334876140114 3369100.334876140114 3369100.334876130335 3369100.334876130335 3369100.334876130335 3369100.334876140114 3369100.334876140114 3369100.334876130335 3369100.334876130335 3369100.334876139648 3369100.334876140114 3369100.334876140114 3369100.334876149893 3369100.334876149893 3369100.334876140114 3369100.334876140114 3369100.334876140114 3369100.334876140114 3369100.334876149893 3369100.334876149893 3369100.334876140114 3369100.334876140114 3369100.334876140114 3369100.334876149893 3921843.918965489604 3921843.918965479825 3921843.918965479825 3921843.918965489604 3921843.918965489604 3921843.918965489604 3921843.918965489604 3921843.918965489604 3921843.918965479825 3921843.918965490069 3921843.918965479825 3921843.918965479825 3921843.918965479825 3921843.918965479825 3921843.918965479825 3921843.918965479825 3921843.918965479825 3921843.918965479825 3921843.918965479825 3921843.918965499848 3921843.918965490069 3921843.918965490069 3921843.918965499848 3921843.918965499848 3921843.918965499848 3921843.918965499848 3921843.918965499848 3921843.918965499848 3921843.918965499848 3921843.918965499848 3921843.918965499848 3921843.918965499848 3921843.918965490069 3921843.918965489604 3921843.918965489604 3921843.918965499848 3921843.918965499848 3921843.918965490069 3921843.918965490069 3921843.918965490069 3921843.918965490069 3921843.918965490069 3921843.918965490069 3921843.918965489604 3921843.918965490069 3921843.918965479825 3921843.918965479825 3921843.918965479825 3921843.918965479825 3921843.918965490069 3921843.918965499848 3921843.918965499848 3921843.918965499848 3921843.918965499848 3921843.918965499848 3921843.918965489604 3921843.918965490069 3921843.918965499848 3921843.918965499848 3921843.918965499848
86 4000000.000000020023 4000000.000000020023 4000000.000000020023 4000000.000000009779 4000000.000000009779 3369100.334876149893 3369100.334876149893 0.000000000000 407637.174721040006 2558851.967968619894 2558851.967968619894 2809096.951115960255 2809096.951115960255 3204100.853347030003 3204100.853347039782 3204100.853347030003 3204100.853347030003 3204100.853347030003 3204100.853347020224 3204100.853347020224 3204100.853347020224 3204100.853347030003 3204100.853347030003 3204100.853347020224 3204100.853347020224 3204100.853347029537 3204100.853347030003 3204100.853347030003 3204100.853347039782 3204100.853347039782 3204100.853347030003 3204100.853347030003 3204100.853347030003 3204100.853347030003 3204100.853347039782 3204100.853347039782 3204100.853347030003 3204100.853347030003 3204100.853347030003 3204100.853347039782 3921843.918965499382 3921843.918965489604 3921843.918965489604 3921843.918965499382 3921843.918965499382 3921843.918965499382 3921843.918965499382 3921843.918965499382 3921843.918965489604 3921843.918965499848 3921843.918965489604 3921843.918965489604 3921843.918965489604 3921843.918965489604 3921843.918965489604 3921843.918965489604 3921843.918965489604 3921843.918965489604 3921843.918965489604 3921843.918965509627 3921843.918965499848 3921843.918965499848 3921843.918965509627 3921843.918965509627 3921843.918965509627 3921843.918965509627 3921843.918965509627 3921843.918965509627 3921843.918965509627 3921843.918965509627 3921843.918965509627 3921843.918965509627 3921843.918965499848 3921843.918965499382 3921843.918965499382 3921843.918965509627 3921843.918965509627 3921843.918965499848 3921843.918965499848 3921843.918965499848 3921843.918965499848 3921843.918965499848 3921843.918965499848 3921843.918965499382 3921843.918965499848 3921843.918965489604 3921843.918965489604 3921843.918965489604 3921843.918965489604 3921843.918965499848 3921843.918965509627 3921843.918965509627 3921843.918965509627 3921843.918965509627 3921843.918965509627 3921843.918965499382 3921843.918965499848 3921843.918965509627 3921843.918965509627 3921843.918965509627
76 4000000.000000020023 4000000.000000020023 4000000.000000020023 4000000.000000009779 4000000.000000009779 3369100.334876149893 3369100.334876149893 407637.174721040006 0.000000000000 2558851.967968619894 2558851.967968619894 2809096.951115960255 2809096.951115960255 3204100.853347030003 3204100.853347039782 3204100.853347030003 3204100.853347030003 3204100.853347030003 3204100.853347020224 3204100.853347020224 3204100.853347020224 3204100.853347030003 3204100.853347030003 3204100.853347020224 3204100.853347020224 3204100.853347029537 3204100.853347030003 3204100.853347030003 3204100.853347039782 3204100.853347039782 3204100.853347030003 3204100.853347030003 3204100.853347030003 3204100.853347030003 3204100.853347039782 3204100.853347039782 3204100.853347030003 3204100.853347030003 3204100.853347030003 3204100.853347039782 3921843.918965499382 3921843.918965489604 3921843.918965489604 3921843.918965499382 3921843.918965499382 3921843.918965499382 3921843.918965499382 3921843.918965499382 3921843.918965489604 3921843.918965499848 3921843.918965489604 3921843.918965489604 3921843.918965489604 3921843.918965489604 3921843.918965489604 3921843.918965489604 3921843.918965489604 3921843.918965489604 3921843.918965489604 3921843.918965509627 3921843.918965499848 3921843.918965499848 3921843.918965509627 3921843.918965509627 3921843.918965509627 3921843.918965509627 3921843.918965509627 3921843.918965509627 3921843.918965509627 3921843.918965509627 3921843.918965509627 3921843.918965509627 3921843.918965499848 3921843.918965499382 3921843.918965499382 3921843.918965509627 3921843.918965509627 3921843.918965499848 3921843.918965499848 3921843.918965499848 3921843.918965499848 3921843.918965499848 3921843.918965499848 3921843.918965499382 3921843.918965499848 3921843.918965489604 3921843.918965489604 3921843.918965489604 3921843.918965489604 3921843.918965499848 3921843.918965509627 3921843.918965509627 3921843.918965509627 3921843.918965509627 3921843.918965509627 3921843.918965499382 3921843.918965499848 3921843.918965509627 3921843.918965509627 3921843.918965509627
60 4000000.000000020023 4000000.000000020023 4000000.000000020023 4000000.000000009779 4000000.000000009779 3369100.334876149893 3369100.334876149893 2558851.967968619894 2558851.967968619894 0.000000000000 641117.170822359971 2809096.951115960255 2809096.951115960255 3204100.853347030003 3204100.853347039782 3204100.853347030003 3204100.853347030003 3204100.853347030003 3204100.853347020224 3204100.853347020224 3204100.853347020224 3204100.853347030003 3204100.853347030003 3204100.853347020224 3204100.853347020224 3204100.853347029537 3204100.853347030003 3204100.853347030003 3204100.853347039782 3204100.853347039782 3204100.853347030003 3204100.853347030003 3204100.853347030003 3204100.853347030003 3204100.853347039782 3204100.853347039782 3204100.853347030003 3204100.853347030003 3204100.853347030003 3204100.853347039782 3921843.918965499382 3921843.918965489604 3921843.918965489604 3921843.918965499382 3921843.918965499382 3921843.918965499382 3921843.918965499382 3921843.918965499382 3921843.918965489604 3921843.918965499848 3921843.918965489604 3921843.918965489604 3921843.918965489604 3921843.918965489604 3921843.918965489604 3921843.918965489604 3921843.918965489604 3921843.918965489604 3921843.918965489604 3921843.918965509627 3921843.918965499848 3921843.918965499848 3921843.918965509627 3921843.918965509627 3921843.918965509627 3921843.918965509627 3921843.918965509627 3921843.918965509627 3921843.918965509627 3921843.918965509627 3921843.918965509627 3921843.918965509627 3921843.918965499848 3921843.918965499382 3921843.918965499382 3921843.918965509627 3921843.918965509627 3921843.918965499848 3921843.918965499848 3921843.918965499848 3921843.918965499848 3921843.918965499848 3921843.918965499848 3921843.918965499382 3921843.918965499848 3921843.918965489604 3921843.918965489604 3921843.918965489604 3921843.918965489604 3921843.918965499848 3921843.918965509627 3921843.918965509627 3921843.918965509627 3921843.918965509627 3921843.918965509627 3921843.918965499382 3921843.918965499848 3921843.918965509627 3921843.918965509627 3921843.918965509627
32 4000000.000000020023 4000000.000000020023 4000000.000000020023 4000000.000000009779 4000000.000000009779 3369100.334876149893 3369100.334876149893 2558851.967968619894 2558851.967968619894 641117.170822359971 0.000000000000 2809096.951115960255 2809096.951115960255 3204100.853347030003 3204100.853347039782 3204100.853347030003 3204100.853347030003 3204100.853347030003 3204100.853347020224 3204100.853347020224 3204100.853347020224 3204100.853347030003 3204100.853347030003 3204100.853347020224 3204100.853347020224 3204100.853347029537 3204100.853347030003 3204100.853347030003 3204100.853347039782 3204100.853347039782 3204100.853347030003 3204100.853347030003 3204100.853347030003 3204100.853347030003 3204100.853347039782 3204100.853347039782 3204100.853347030003 3204100.853347030003 3204100.853347030003 3204100.853347039782 3921843.918965499382 3921843.918965489604 3921843.918965489604 3921843.918965499382 3921843.918965499382 3921843.918965499382 3921843.918965499382 3921843.918965499382 3921843.918965489604 3921843.918965499848 3921843.918965489604 3921843.918965489604 3921843.918965489604 3921843.918965489604 3921843.918965489604 3921843.918965489604 3921843.918965489604 3921843.918965489604 3921843.918965489604 3921843.918965509627 3921843.918965499848 3921843.918965499848 3921843.918965509627 3921843.918965509627 3921843.918965509627 3921843.918965509627 3921843.918965509627 3921843.918965509627 3921843.918965509627 3921843.918965509627 3921843.918965509627 3921843.918965509627 3921843.918965499848 3921843.918965499382 3921843.918965499382 3921843.918965509627 3921843.918965509627 3921843.918965499848 3921843.918965499848 3921843.918965499848 3921843.918965499848 3921843.918965499848 3921843.918965499848 3921843.918965499382 3921843.918965499848 3921843.918965489604 3921843.918965489604 3921843.918965489604 3921843.918965489604 3921843.918965499848 3921843.918965509627 3921843.918965509627 3921843.918965509627 3921843.918965509627 3921843.918965509627 3921843.918965499382 3921843.918965499848 3921843.918965509627 3921843.918965509627 3921843.918965509627
47 4000000.000000020489 4000000.000000020489 4000000.000000020489 4000000.000000010245 4000000.000000010245 3369100.334876149893 3369100.334876149893 2809096.951115960255 2809096.951115960255 2809096.951115960255 2809096.951115960255 0.000000000000 2604217.442742240150 3204100.853347030468 3204100.853347040247 3204100.853347030468 3204100.853347030468 3204100.853347030468 3204100.853347020224 3204100.853347020224 3204100.853347020224 3204100.853347030468 3204100.853347030468 3204100.853347020224 3204100.853347020224 3204100.853347030003 3204100.853347030468 3204100.853347030468 3204100.853347040247 3204100.853347040247 3204100.853347030468 3204100.853347030468 3204100.853347030468 3204100.853347030468 3204100.853347040247 3204100.853347040247 3204100.853347030468 3204100.853347030468 3204100.853347030468 3204100.853347040247 3921843.918965499848 3921843.918965490069 3921843.918965490069 3921843.918965499848 3921843.918965499848 3921843.918965499848 3921843.918965499848 3921843.918965499848 3921843.918965490069 3921843.918965500314 3921843.918965490069 3921843.918965490069 3921843.918965490069 3921843.918965490069 3921843.918965490069 3921843.918965490069 3921843.918965490069 3921843.918965490069 3921843.918965490069 3921843.918965510093 3921843.918965500314 3921843.918965500314 3921843.918965510093 3921843.918965510093 3921843.918965510093 3921843.918965510093 3921843.918965510093 3921843.918965510093 3921843.918965510093 3921843.918965510093 3921843.918965510093 3921843.918965510093 3921843.918965500314 3921843.918965499848 3921843.918965499848 3921843.918965510093 3921843.918965510093 3921843.918965500314 3921843.918965500314 3921843.918965500314 3921843.918965500314 3921843.918965500314 3921843.918965500314 3921843.918965499848 3921843.918965500314 3921843.918965490069 3921843.918965490069 3921843.918965490069 3921843.918965490069 3921843.918965500314 3921843.918965510093 3921843.918965510093 3921843.918965510093 3921843.918965510093 3921843.918965510093 3921843.918965499848 3921843.918965500314 3921843.918965510093 3921843.918965510093 3921843.918965510093
44 4000000.000000020489 4000000.000000020489 4000000.000000020489 4000000.000000010245 4000000.000000010245 3369100.334876149893 3369100.334876149893 2809096.951115960255 2809096.951115960255 2809096.951115960255 2809096.951115960255 2604217.442742240150 0.000000000000 3204100.853347030468 3204100.853347040247 3204100.853347030468 3204100.853347030468 3204100.853347030468 3204100.853347020224 3204100.853347020224 3204100.853347020224 3204100.853347030468 3204100.853347030468 3204100.853347020224 3204100.853347020224 3204100.853347030003 3204100.853347030468 3204100.853347030468 3204100.853347040247 3204100.853347040247 3204100.853347030468 3204100.853347030468 3204100.853347030468 3204100.853347030468 3204100.853347040247 3204100.853347040247 3204100.853347030468 3204100.853347030468 3204100.853347030468 3204100.853347040247 3921843.918965499848 3921843.918965490069 3921843.918965490069 3921843.918965499848 3921843.918965499848 3921843.918965499848 3921843.918965499848 3921843.918965499848 3921843.918965490069 3921843.918965500314 3921843.918965490069 3921843.918965490069 3921843.918965490069 3921843.918965490069 3921843.918965490069 3921843.918965490069 3921843.918965490069 3921843.918965490069 3921843.918965490069 3921843.918965510093 3921843.918965500314 3921843.918965500314 3921843.918965510093 3921843.918965510093 3921843.918965510093 3921843.918965510093 3921843.918965510093 3921843.918965510093 3921843.918965510093 3921843.918965510093 3921843.918965510093 3921843.918965510093 3921843.918965500314 3921843.918965499848 3921843.918965499848 3921843.918965510093 3921843.918965510093 3921843.918965500314 3921843.918965500314 3921843.918965500314 3921843.918965500314 3921843.918965500314 3921843.918965500314 3921843.918965499848 3921843.918965500314 3921843.918965490069 3921843.918965490069 3921843.918965490069 3921843.918965490069 3921843.918965500314 3921843.918965510093 3921843.918965510093 3921843.918965510093 3921843.918965510093 3921843.918965510093 3921843.918965499848 3921843.918965500314 3921843.918965510093 3921843.918965510093 3921843.918965510093
57 4000000.000000010245 4000000.000000010245 4000000.000000010245 4000000.000000000000 4000000.000000000000 3369100.334876140114 3369100.334876140114 3204100.853347030003 3204100.853347030003 3204100.853347030003 3204100.853347030003 3204100.853347030468 3204100.853347030468 0.000000000000 2588026.445938570425 2588026.445938560180 2588026.445938560180 2588026.445938560180 2588026.445938549936 2588026.445938549936 2588026.445938549936 2588026.445938560180 2588026.445938560180 2588026.445938549936 2588026.445938549936 2588026.445938560180 2588026.445938560180 2588026.445938560180 2588026.445938570425 2588026.445938570425 2588026.445938560180 2588026.445938560180 2588026.445938560180 2588026.445938560180 3022820.509452990256 3022820.509452990256 3022820.509452980012 3022820.509452980012 3022820.509452980012 3022820.509452990256 3921843.918965489604 3921843.918965479825 3921843.918965479825 3921843.918965489604 3921843.918965489604 3921843.918965489604 3921843.918965489604 3921843.918965489604 3921843.918965479825 3921843.918965490069 3921843.918965479825 3921843.918965479825 3921843.918965479825 3921843.918965479825 3921843.918965479825 3921843.918965479825 3921843.918965479825 3921843.918965479825 3921843.918965479825 3921843.918965499848 3921843.918965490069 3921843.918965490069 3921843.918965499848 3921843.918965499848 3921843.918965499848 3921843.918965499848 3921843.918965499848 3921843.918965499848 3921843.918965499848 3921843.918965499848 3921843.918965499848 3921843.918965499848 3921843.918965490069 3921843.918965489604 3921843.918965489604 3921843.918965499848 3921843.918965499848 3921843.918965490069 3921843.918965490069 3921843.918965490069 3921843.918965490069 3921843.918965490069 3921843.918965490069 3921843.918965489604 3921843.918965490069 3921843.918965479825 3921843.918965479825 3921843.918965479825 3921843.918965479825 3921843.918965490069 3921843.918965499848 3921843.918965499848 3921843.918965499848 3921843.918965499848 3921843.918965499848 3921843.918965489604 3921843.918965490069 3921843.918965499848 3921843.918965499848 3921843.918965499848
11 4000000.000000020489 4000000.000000020489 4000000.000000020489 4000000.000000010245 4000000.000000010245 3369100.334876149893 3369100.334876149893 3204100.853347039782 3204100.853347039782 3204100.853347039782 3204100.853347039782 3204100.853347040247 3204100.853347040247 2588026.445938570425 0.000000000000 2295528.341071310453 2295528.341071310453 2339581.526629489847 2339581.526629480068 2339581.526629480068 2339581.526629480068 2339581.526629489847 2339581.526629489847 2339581.526629480068 2339581.526629480068 2339581.526629489847 2339581.526629489847 2339581.526629489847 2339581.526629500091 2339581.526629500091 2339581.526629489847 2339581.526629489847 2339581.526629489847 2339581.526629489847 3022820.509453000035 3022820.509453000035 3022820.509452990256 3022820.509452990256 3022820.509452990256 3022820.509453000035 3921843.918965499848 3921843.918965490069 3921843.918965490069 3921843.918965499848 3921843.918965499848 3921843.918965499848 3921843.918965499848 3921843.918965499848 3921843.918965490069 3921843.918965500314 3921843.918965490069 3921843.918965490069 3921843.918965490069 3921843.918965490069 3921843.918965490069 3921843.918965490069 3921843.918965490069 3921843.918965490069 3921843.918965490069 3921843.918965510093 3921843.918965500314 3921843.918965500314 3921843.918965510093 3921843.918965510093 3921843.918965510093 3921843.918965510093 3921843.918965510093 3921843.918965510093 3921843.918965510093 3921843.918965510093 3921843.918965510093 3921843.918965510093 3921843.918965500314 3921843.918965499848 3921843.918965499848 3921843.918965510093 3921843.918965510093 3921843.918965500314 3921843.918965500314 3921843.918965500314 3921843.918965500314 3921843.918965500314 3921843.918965500314 3921843.918965499848 3921843.918965500314 3921843.918965490069 3921843.918965490069 3921843.918965490069 3921843.918965490069 3921843.918965500314 3921843.918965510093 3921843.918965510093 3921843.918965510093 3921843.918965510093 3921843.918965510093 3921843.918965499848 3921843.918965500314 3921843.918965510093 3921843.918965510093 3921843.918965510093
19 4000000.000000010245 4000000.000000010245 4000000.000000010245 4000000.000000000000 4000000.000000000000 3369100.334876140114 3369100.334876140114 3204100.853347030003 3204100.853347030003 3204100.853347030003 3204100.853347030003 3204100.853347030468 3204100.853347030468 2588026.445938560180 2295528.341071310453 0.000000000000 716075.791529780021 2339581.526629480068 2339581.526629470289 2339581.526629470289 2339581.526629470289 2339581.526629480068 2339581.526629480068 2339581.526629470289 2339581.526629470289 2339581.526629479602 2339581.526629480068 2339581.526629480068 2339581.526629489847 2339581.526629489847 2339581.526629480068 2339581.526629480068 2339581.526629480068 2339581.526629480068 3022820.509452990256 3022820.509452990256 3022820.509452980012 3022820.509452980012 3022820.509452980012 3022820.509452990256 3921843.918965489604 3921843.918965479825 3921843.918965479825 3921843.918965489604 3921843.918965489604 3921843.918965489604 3921843.918965489604 3921843.918965489604 3921843.918965479825 3921843.918965490069 3921843.918965479825 3921843.918965479825 3921843.918965479825 3921843.918965479825 3921843.918965479825 3921843.918965479825 3921843.918965479825 3921843.918965479825 3921843.918965479825 3921843.918965499848 3921843.918965490069 3921843.918965490069 3921843.918965499848 3921843.918965499848 3921843.918965499848 3921843.918965499848 3921843.918965499848 3921843.918965499848 3921843.918965499848 3921843.918965499848 3921843.918965499848 3921843.918965499848 3921843.918965490069 3921843.918965489604 3921843.918965489604 3921843.918965499848 3921843.918965499848 3921843.918965490069 3921843.918965490069 3921843.918965490069 3921843.918965490069 3921843.918965490069 3921843.918965490069 3921843.918965489604 3921843.918965490069 3921843.918965479825 3921843.918965479825 3921843.918965479825 3921843.918965479825 3921843.918965490069 3921843.918965499848 3921843.918965499848 3921843.918965499848 3921843.918965499848 3921843.918965499848 3921843.918965489604 3921843.918965490069 3921843.918965499848 3921843.918965499848 3921843.918965499848
14 4000000.000000010245 4000000.000000010245 4000000.000000010245 4000000.000000000000 4000000.000000000000 3369100.334876140114 3369100.334876140114 3204100.853347030003 3204100.853347030003 3204100.853347030003 3204100.853347030003 3204100.853347030468 3204100.853347030468 2588026.445938560180 2295528.341071310453 716075.791529780021 0.000000000000 2339581.526629480068 2339581.526629470289 2339581.526629470289 2339581.526629470289 2339581.526629480068 2339581.526629480068 2339581.526629470289 2339581.526629470289 2339581.526629479602 2339581.526629480068 2339581.526629480068 2339581.526629489847 2339581.526629489847 2339581.526629480068 2339581.526629480068 2339581.526629480068 2339581.526629480068 3022820.509452990256 3022820.509452990256 3022820.509452980012 3022820.509452980012 3022820.509452980012 3022820.509452990256 3921843.918965489604 3921843.918965479825 3921843.918965479825 3921843.918965489604 3921843.918965489604 3921843.918965489604 3921843.918965489604 3921843.918965489604 3921843.918965479825 3921843.918965490069 3921843.918965479825 3921843.918965479825 3921843.918965479825 3921843.918965479825 3921843.918965479825 3921843.918965479825 3921843.918965479825 3921843.918965479825 3921843.918965479825 3921843.918965499848 3921843.918965490069 3921843.918965490069 3921843.918965499848 3921843.918965499848 3921843.918965499848 3921843.918965499848 3921843.918965499848 3921843.918965499848 3921843.918965499848 3921843.918965499848 3921843.918965499848 3921843.918965499848 3921843.918965490069 3921843.918965489604 3921843.918965489604 3921843.918965499848 3921843.918965499848 3921843.918965490069 3921843.918965490069 3921843.918965490069 3921843.918965490069 3921843.918965490069 3921843.918965490069 3921843.918965489604 3921843.918965490069 3921843.918965479825 3921843.918965479825 3921843.918965479825 3921843.918965479825 3921843.918965490069 3921843.918965499848 3921843.918965499848 3921843.918965499848 3921843.918965499848 3921843.918965499848 3921843.918965489604 3921843.918965490069 3921843.918965499848 3921843.918965499848 3921843.918965499848
30 4000000.000000010245 4000000.000000010245 4000000.000000010245 4000000.000000000000 4000000.000000000000 3369100.334876140114 3369100.334876140114 3204100.853347030003 3204100.853347030003 3204100.853347030003 3204100.853347030003 3204100.853347030468 3204100.853347030468 2588026.445938560180 2339581.526629489847 2339581.526629480068 2339581.526629480068 0.000000000000 866758.953820789931 866758.953820789931 866758.953820789931 1882031.907261040062 1882031.907261040062 1882031.907261029817 1882031.907261029817 1882031.907261040062 1882031.907261040062 1882031.907261040062 1882031.907261050073 1882031.907261050073 1882031.907261040062 1882031.907261040062 1882031.907261040062 1882031.907261040062 3022820.509452990256 3022820.509452990256 3022820.509452980012 3022820.509452980012 3022820.509452980012 3022820.509452990256 3921843.918965489604 3921843.918965479825 3921843.918965479825 3921843.918965489604 3921843.918965489604 3921843.918965489604 3921843.918965489604 3921843.918965489604 3921843.918965479825 3921843.918965490069 3921843.918965479825 3921843.918965479825 3921843.918965479825 3921843.918965479825 3921843.918965479825 3921843.918965479825 3921843.918965479825 3921843.918965479825 3921843.918965479825 3921843.918965499848 3921843.918965490069 3921843.918965490069 3921843.918965499848 3921843.918965499848 3921843.918965499848 3921843.918965499848 3921843.918965499848 3921843.918965499848 3921843.918965499848 3921843.918965499848 3921843.918965499848 3921843.918965499848 3921843.918965490069 3921843.918965489604 3921843.918965489604 3921843.918965499848 3921843.918965499848 3921843.918965490069 3921843.918965490069 3921843.918965490069 3921843.918965490069 3921843.918965490069 3921843.918965490069 3921843.918965489604 3921843.918965490069 3921843.918965479825 3921843.918965479825 3921843.918965479825 3921843.918965479825 3921843.918965490069 3921843.918965499848 3921843.918965499848 3921843.918965499848 3921843.918965499848 3921843.918965499848 3921843.918965489604 3921843.918965490069 3921843.918965499848 3921843.918965499848 3921843.918965499848
21 4000000.000000000466 4000000.000000000466 4000000.000000000466 3999999.999999990221 3999999.999999990221 3369100.334876130335 3369100.334876130335 3204100.853347020224 3204100.853347020224 3204100.853347020224 3204100.853347020224 3204100.853347020224 3204100.853347020224 2588026.445938549936 2339581.526629480068 2339581.526629470289 2339581.526629470289 866758.953820789931 0.000000000000 183358.289040520001 183358.289040520001 1882031.907261030050 1882031.907261030050 1882031.907261020038 1882031.907261020038 1882031.907261029817 1882031.907261030050 1882031.907261030050 1882031.907261040062 1882031.907261040062 1882031.907261030050 1882031.907261030050 1882031.907261030050 1882031.907261030050 3022820.509452980012 3022820.509452980012 3022820.509452969767 3022820.509452969767 3022820.509452969767 3022820.509452980012 3921843.918965479825 3921843.918965470046 3921843.918965470046 3921843.918965479825 3921843.918965479825 3921843.918965479825 3921843.918965479825 3921843.918965479825 3921843.918965470046 3921843.918965480290 3921843.918965470046 3921843.918965470046 3921843.918965470046 3921843.918965470046 3921843.918965470046 3921843.918965470046 3921843.918965470046 3921843.918965470046 3921843.918965470046 3921843.918965490069 3921843.918965480290 3921843.918965480290 3921843.918965490069 3921843.918965490069 3921843.918965490069 3921843.918965490069 3921843.918965490069 3921843.918965490069 3921843.918965490069 3921843.918965490069 3921843.918965490069 3921843.918965490069 3921843.918965480290 3921843.918965479825 3921843.918965479825 3921843.918965490069 3921843.918965490069 3921843.918965480290 3921843.918965480290 3921843.918965480290 3921843.918965480290 3921843.918965480290 3921843.918965480290 3921843.918965479825 3921843.918965480290 3921843.918965470046 3921843.918965470046 3921843.918965470046 3921843.918965470046 3921843.918965480290 3921843.918965490069 3921843.918965490069 3921843.918965490069 3921843.918965490069 3921843.918965490069 3921843.918965479825 3921843.918965480290 3921843.918965490069 3921843.918965490069 3921843.918965490069
