100
91 0.000000000000 3469687.398084020242 3469687.398084020242 3469687.398084020242 3469687.398084020242 3469687.398084020242 3912116.890774600208 3912116.890774600208 3912116.890774599742 3912116.890774599742 3912116.890774599742 3912116.890774609987 3912116.890774609987 3912116.890774599742 3999999.999999999534 3999999.999999999534 3999999.999999999534 4000000.000000000000 4000000.000000000000 4000000.000000000000 4000000.000000000000 4000000.000000000000 4000000.000000000000 4000000.000000000000 4000000.000000000000 4000000.000000000000 4000000.000000000000 4000000.000000000000 4000000.000000000000 4000000.000000000000 4000000.000000000000 4000000.000000000000 4000000.000000000000 4000000.000000009779 4000000.000000009779 3999999.999999989755 3999999.999999979977 3999999.999999979977 3999999.999999979977 3999999.999999979977 3999999.999999979977 3999999.999999979977 3999999.999999979977 3999999.999999979977 3999999.999999979977 3999999.999999990221 3999999.999999990221 3999999.999999990221 3999999.999999989755 3999999.999999990221 3999999.999999990221 3999999.999999990221 3999999.999999990221 3999999.999999990221 3999999.999999990221 3999999.999999990221 3999999.999999990221 3999999.999999990221 3999999.999999990221 3999999.999999990221 3999999.999999990221 3999999.999999990221 3999999.999999990221 3999999.999999990221 3999999.999999990221 3999999.999999990221 3999999.999999990221 3999999.999999990221 3999999.999999989755 3999999.999999989755 3999999.999999989755 3999999.999999989755 3999999.999999989755 3999999.999999989755 3999999.999999989755 4000000.000000000000 4000000.000000000000 3999999.999999989755 3999999.999999989755 3999999.999999990221 3999999.999999990221 3999999.999999979977 3999999.999999989755 4000000.000000000000 3999999.999999989755 4000000.000000000000 4000000.000000000000 4000000.000000000000 3999999.999999989755 3999999.999999989755 3999999.999999979511 3999999.999999979511 3999999.999999989755 3999999.999999989755 3999999.999999979511 3999999.999999979511 3999999.999999989755 3999999.999999989755 3999999.999999989755 3999999.999999989755
97 3469687.398084020242 0.000000000000 1015296.521414240007 1015296.521414240007 1195858.569784939988 1195858.569784939988 3912116.890774600208 3912116.890774600208 3912116.890774600208 3912116.890774600208 3912116.890774600208 3912116.890774610452 3912116.890774610452 3912116.890774600208 4000000.000000000000 4000000.000000000000 4000000.000000000000 4000000.000000000000 4000000.000000000000 4000000.000000000000 4000000.000000000000 4000000.000000000000 4000000.000000000000 4000000.000000000000 4000000.000000000000 4000000.000000000000 4000000.000000000000 4000000.000000000000 4000000.000000000000 4000000.000000000000 4000000.000000000000 4000000.000000000000 4000000.000000000000 4000000.000000010245 4000000.000000010245 3999999.999999989755 3999999.999999980442 3999999.999999980442 3999999.999999980442 3999999.999999980442 3999999.999999980442 3999999.999999980442 3999999.999999980442 3999999.999999980442 3999999.999999980442 3999999.999999990687 3999999.999999990687 3999999.999999990687 3999999.999999989755 3999999.999999990687 3999999.999999990687 3999999.999999990687 3999999.999999990687 3999999.999999990687 3999999.999999990687 3999999.999999990687 3999999.999999990687 3999999.999999990687 3999999.999999990687 3999999.999999990687 3999999.999999990687 3999999.999999990687 3999999.999999990687 3999999.999999990687 3999999.999999990687 3999999.999999990687 3999999.999999990687 3999999.999999990687 3999999.999999989755 3999999.999999989755 3999999.999999989755 3999999.999999989755 3999999.999999989755 3999999.999999989755 3999999.999999990221 4000000.000000000000 4000000.000000000000 3999999.999999990221 3999999.999999990221 3999999.999999990687 3999999.999999990687 3999999.999999980442 3999999.999999989755 4000000.000000000000 3999999.999999990221 4000000.000000000000 4000000.000000000000 4000000.000000000000 3999999.999999990221 3999999.999999990221 3999999.999999979977 3999999.999999979977 3999999.999999990221 3999999.999999990221 3999999.999999979977 3999999.999999979977 3999999.999999990221 3999999.999999989755 3999999.999999989755 3999999.999999989755
93 3469687.398084020242 1015296.521414240007 0.000000000000 194484.051665359992 1195858.569784939988 1195858.569784939988 3912116.890774600208 3912116.890774600208 3912116.890774600208 3912116.890774600208 3912116.890774600208 3912116.890774610452 3912116.890774610452 3912116.890774600208 4000000.000000000000 4000000.000000000000 4000000.000000000000 4000000.000000000000 4000000.000000000000 4000000.000000000000 4000000.000000000000 4000000.000000000000 4000000.000000000000 4000000.000000000000 4000000.000000000000 4000000.000000000000 4000000.000000000000 4000000.000000000000 4000000.000000000000 4000000.000000000000 4000000.000000000000 4000000.000000000000 4000000.000000000000 4000000.000000010245 4000000.000000010245 3999999.999999989755 3999999.999999980442 3999999.999999980442 3999999.999999980442 3999999.999999980442 3999999.999999980442 3999999.999999980442 3999999.999999980442 3999999.999999980442 3999999.999999980442 3999999.999999990687 3999999.999999990687 3999999.999999990687 3999999.999999989755 3999999.999999990687 3999999.999999990687 3999999.999999990687 3999999.999999990687 3999999.999999990687 3999999.999999990687 3999999.999999990687 3999999.999999990687 3999999.999999990687 3999999.999999990687 3999999.999999990687 3999999.999999990687 3999999.999999990687 3999999.999999990687 3999999.999999990687 3999999.999999990687 3999999.999999990687 3999999.999999990687 3999999.999999990687 3999999.999999989755 3999999.999999989755 3999999.999999989755 3999999.999999989755 3999999.999999989755 3999999.999999989755 3999999.999999990221 4000000.000000000000 4000000.000000000000 3999999.999999990221 3999999.999999990221 3999999.999999990687 3999999.999999990687 3999999.999999980442 3999999.999999989755 4000000.000000000000 3999999.999999990221 4000000.000000000000 4000000.000000000000 4000000.000000000000 3999999.999999990221 3999999.999999990221 3999999.999999979977 3999999.999999979977 3999999.999999990221 3999999.999999990221 3999999.999999979977 3999999.999999979977 3999999.999999990221 3999999.999999989755 3999999.999999989755 3999999.999999989755
96 3469687.398084020242 1015296.521414240007 194484.051665359992 0.000000000000 1195858.569784939988 1195858.569784939988 3912116.890774600208 3912116.890774600208 3912116.890774600208 3912116.890774600208 3912116.890774600208 3912116.890774610452 3912116.890774610452 3912116.890774600208 4000000.000000000000 4000000.000000000000 4000000.000000000000 4000000.000000000000 4000000.000000000000 4000000.000000000000 4000000.000000000000 4000000.000000000000 4000000.000000000000 4000000.000000000000 4000000.000000000000 4000000.000000000000 4000000.000000000000 4000000.000000000000 4000000.000000000000 4000000.000000000000 4000000.000000000000 4000000.000000000000 4000000.000000000000 4000000.000000010245 4000000.000000010245 3999999.999999989755 3999999.999999980442 3999999.999999980442 3999999.999999980442 3999999.999999980442 3999999.999999980442 3999999.999999980442 3999999.999999980442 3999999.999999980442 3999999.999999980442 3999999.999999990687 3999999.999999990687 3999999.999999990687 3999999.999999989755 3999999.999999990687 3999999.999999990687 3999999.999999990687 3999999.999999990687 3999999.999999990687 3999999.999999990687 3999999.999999990687 3999999.999999990687 3999999.999999990687 3999999.999999990687 3999999.999999990687 3999999.999999990687 3999999.999999990687 3999999.999999990687 3999999.999999990687 3999999.999999990687 3999999.999999990687 3999999.999999990687 3999999.999999990687 3999999.999999989755 3999999.999999989755 3999999.999999989755 3999999.999999989755 3999999.999999989755 3999999.999999989755 3999999.999999990221 4000000.000000000000 4000000.000000000000 3999999.999999990221 3999999.999999990221 3999999.999999990687 3999999.999999990687 3999999.999999980442 3999999.999999989755 4000000.000000000000 3999999.999999990221 4000000.000000000000 4000000.000000000000 4000000.000000000000 3999999.999999990221 3999999.999999990221 3999999.999999979977 3999999.999999979977 3999999.999999990221 3999999.999999990221 3999999.999999979977 3999999.999999979977 3999999.999999990221 3999999.999999989755 3999999.999999989755 3999999.999999989755
94 3469687.398084020242 1195858.569784939988 1195858.569784939988 1195858.569784939988 0.000000000000 183525.041961000010 3912116.890774600208 3912116.890774600208 3912116.890774600208 3912116.890774600208 3912116.890774600208 3912116.890774610452 3912116.890774610452 3912116.890774600208 4000000.000000000000 4000000.000000000000 4000000.000000000000 4000000.000000000000 4000000.000000000000 4000000.000000000000 4000000.000000000000 4000000.000000000000 4000000.000000000000 4000000.000000000000 4000000.000000000000 4000000.000000000000 4000000.000000000000 4000000.000000000000 4000000.000000000000 4000000.000000000000 4000000.000000000000 4000000.000000000000 4000000.000000000000 4000000.000000010245 4000000.000000010245 3999999.999999989755 3999999.999999980442 3999999.999999980442 3999999.999999980442 3999999.999999980442 3999999.999999980442 3999999.999999980442 3999999.999999980442 3999999.999999980442 3999999.999999980442 3999999.999999990687 3999999.999999990687 3999999.999999990687 3999999.999999989755 3999999.999999990687 3999999.999999990687 3999999.999999990687 3999999.999999990687 3999999.999999990687 3999999.999999990687 3999999.999999990687 3999999.999999990687 3999999.999999990687 3999999.999999990687 3999999.999999990687 3999999.999999990687 3999999.999999990687 3999999.999999990687 3999999.999999990687 3999999.999999990687 3999999.999999990687 3999999.999999990687 3999999.999999990687 3999999.999999989755 3999999.999999989755 3999999.999999989755 3999999.999999989755 3999999.999999989755 3999999.999999989755 3999999.999999990221 4000000.000000000000 4000000.000000000000 3999999.999999990221 3999999.999999990221 3999999.999999990687 3999999.999999990687 3999999.999999980442 3999999.999999989755 4000000.000000000000 3999999.999999990221 4000000.000000000000 4000000.000000000000 4000000.000000000000 3999999.999999990221 3999999.999999990221 3999999.999999979977 3999999.999999979977 3999999.999999990221 3999999.999999990221 3999999.999999979977 3999999.999999979977 3999999.999999990221 3999999.999999989755 3999999.999999989755 3999999.999999989755
92 3469687.398084020242 1195858.569784939988 1195858.569784939988 1195858.569784939988 183525.041961000010 0.000000000000 3912116.890774600208 3912116.890774600208 3912116.890774600208 3912116.890774600208 3912116.890774600208 3912116.890774610452 3912116.890774610452 3912116.890774600208 4000000.000000000000 4000000.000000000000 4000000.000000000000 4000000.000000000000 4000000.000000000000 4000000.000000000000 4000000.000000000000 4000000.000000000000 4000000.000000000000 4000000.000000000000 4000000.000000000000 4000000.000000000000 4000000.000000000000 4000000.000000000000 4000000.000000000000 4000000.000000000000 4000000.000000000000 4000000.000000000000 4000000.000000000000 4000000.000000010245 4000000.000000010245 3999999.999999989755 3999999.999999980442 3999999.999999980442 3999999.999999980442 3999999.999999980442 3999999.999999980442 3999999.999999980442 3999999.999999980442 3999999.999999980442 3999999.999999980442 3999999.999999990687 3999999.999999990687 3999999.999999990687 3999999.999999989755 3999999.999999990687 3999999.999999990687 3999999.999999990687 3999999.999999990687 3999999.999999990687 3999999.999999990687 3999999.999999990687 3999999.999999990687 3999999.999999990687 3999999.999999990687 3999999.999999990687 3999999.999999990687 3999999.999999990687 3999999.999999990687 3999999.999999990687 3999999.999999990687 3999999.999999990687 3999999.999999990687 3999999.999999990687 3999999.999999989755 3999999.999999989755 3999999.999999989755 3999999.999999989755 3999999.999999989755 3999999.999999989755 3999999.999999990221 4000000.000000000000 4000000.000000000000 3999999.999999990221 3999999.999999990221 3999999.999999990687 3999999.999999990687 3999999.999999980442 3999999.999999989755 4000000.000000000000 3999999.999999990221 4000000.000000000000 4000000.000000000000 4000000.000000000000 3999999.999999990221 3999999.999999990221 3999999.999999979977 3999999.999999979977 3999999.999999990221 3999999.999999990221 3999999.999999979977 3999999.999999979977 3999999.999999990221 3999999.999999989755 3999999.999999989755 3999999.999999989755
100 3912116.890774600208 3912116.890774600208 3912116.890774600208 3912116.890774600208 3912116.890774600208 3912116.890774600208 0.000000000000 2062626.828971360112 3348661.424899900332 3348661.424899900332 3348661.424899900332 3348661.424899910577 3348661.424899910577 3348661.424899900332 4000000.000000000000 4000000.000000000000 4000000.000000000000 4000000.000000000000 4000000.000000000000 4000000.000000000000 4000000.000000000000 4000000.000000000000 4000000.000000000000 4000000.000000000000 4000000.000000000000 4000000.000000000000 4000000.000000000000 4000000.000000000000 4000000.000000000000 4000000.000000000000 4000000.000000000000 4000000.000000000000 4000000.000000000000 4000000.000000010245 4000000.000000010245 3999999.999999989755 3999999.999999980442 3999999.999999980442 3999999.999999980442 3999999.999999980442 3999999.999999980442 3999999.999999980442 3999999.999999980442 3999999.999999980442 3999999.999999980442 3999999.999999990687 3999999.999999990687 3999999.999999990687 3999999.999999989755 3999999.999999990687 3999999.999999990687 3999999.999999990687 3999999.999999990687 3999999.999999990687 3999999.999999990687 3999999.999999990687 3999999.999999990687 3999999.999999990687 3999999.999999990687 3999999.999999990687 3999999.999999990687 3999999.999999990687 3999999.999999990687 3999999.999999990687 3999999.999999990687 3999999.999999990687 3999999.999999990687 3999999.999999990687 3999999.999999989755 3999999.999999989755 3999999.999999989755 3999999.999999989755 3999999.999999989755 3999999.999999989755 3999999.999999990221 4000000.000000000000 4000000.000000000000 3999999.999999990221 3999999.999999990221 3999999.999999990687 3999999.999999990687 3999999.999999980442 3999999.999999989755 4000000.000000000000 3999999.999999990221 4000000.000000000000 4000000.000000000000 4000000.000000000000 3999999.999999990221 3999999.999999990221 3999999.999999979977 3999999.999999979977 3999999.999999990221 3999999.999999990221 3999999.999999979977 3999999.999999979977 3999999.999999990221 3999999.999999989755 3999999.999999989755 3999999.999999989755
89 3912116.890774600208 3912116.890774600208 3912116.890774600208 3912116.890774600208 3912116.890774600208 3912116.890774600208 2062626.828971360112 0.000000000000 3348661.424899900332 3348661.424899900332 3348661.424899900332 3348661.424899910577 3348661.424899910577 3348661.424899900332 4000000.000000000000 4000000.000000000000 4000000.000000000000 4000000.000000000000 4000000.000000000000 4000000.000000000000 4000000.000000000000 4000000.000000000000 4000000.000000000000 4000000.000000000000 4000000.000000000000 4000000.000000000000 4000000.000000000000 4000000.000000000000 4000000.000000000000 4000000.000000000000 4000000.000000000000 4000000.000000000000 4000000.000000000000 4000000.000000010245 4000000.000000010245 3999999.999999989755 3999999.999999980442 3999999.999999980442 3999999.999999980442 3999999.999999980442 3999999.999999980442 3999999.999999980442 3999999.999999980442 3999999.999999980442 3999999.999999980442 3999999.999999990687 3999999.999999990687 3999999.999999990687 3999999.999999989755 3999999.999999990687 3999999.999999990687 3999999.999999990687 3999999.999999990687 3999999.999999990687 3999999.999999990687 3999999.999999990687 3999999.999999990687 3999999.999999990687 3999999.999999990687 3999999.999999990687 3999999.999999990687 3999999.999999990687 3999999.999999990687 3999999.999999990687 3999999.999999990687 3999999.999999990687 3999999.999999990687 3999999.999999990687 3999999.999999989755 3999999.999999989755 3999999.999999989755 3999999.999999989755 3999999.999999989755 3999999.999999989755 3999999.999999990221 4000000.000000000000 4000000.000000000000 3999999.999999990221 3999999.999999990221 3999999.999999990687 3999999.999999990687 3999999.999999980442 3999999.999999989755 4000000.000000000000 3999999.999999990221 4000000.000000000000 4000000.000000000000 4000000.000000000000 3999999.999999990221 3999999.999999990221 3999999.999999979977 3999999.999999979977 3999999.999999990221 3999999.999999990221 3999999.999999979977 3999999.999999979977 3999999.999999990221 3999999.999999989755 3999999.999999989755 3999999.999999989755
90 3912116.890774599742 3912116.890774600208 3912116.890774600208 3912116.890774600208 3912116.890774600208 3912116.890774600208 3348661.424899900332 3348661.424899900332 0.000000000000 1443895.572478439892 3244644.424576879945 3244644.424576890189 3244644.424576890189 3244644.424576879945 3999999.999999999534 3999999.999999999534 3999999.999999999534 4000000.000000000000 4000000.000000000000 4000000.000000000000 4000000.000000000000 4000000.000000000000 4000000.000000000000 4000000.000000000000 4000000.000000000000 4000000.000000000000 4000000.000000000000 4000000.000000000000 4000000.000000000000 4000000.000000000000 4000000.000000000000 4000000.000000000000 4000000.000000000000 4000000.000000009779 4000000.000000009779 3999999.999999989755 3999999.999999979977 3999999.999999979977 3999999.999999979977 3999999.999999979977 3999999.999999979977 3999999.999999979977 3999999.999999979977 3999999.999999979977 3999999.999999979977 3999999.999999990221 3999999.999999990221 3999999.999999990221 3999999.999999989755 3999999.999999990221 3999999.999999990221 3999999.999999990221 3999999.999999990221 3999999.999999990221 3999999.999999990221 3999999.999999990221 3999999.999999990221 3999999.999999990221 3999999.999999990221 3999999.999999990221 3999999.999999990221 3999999.999999990221 3999999.999999990221 3999999.999999990221 3999999.999999990221 3999999.999999990221 3999999.999999990221 3999999.999999990221 3999999.999999989755 3999999.999999989755 3999999.999999989755 3999999.999999989755 3999999.999999989755 3999999.999999989755 3999999.999999989755 4000000.000000000000 4000000.000000000000 3999999.999999989755 3999999.999999989755 3999999.999999990221 3999999.999999990221 3999999.999999979977 3999999.999999989755 4000000.000000000000 3999999.999999989755 4000000.000000000000 4000000.000000000000 4000000.000000000000 3999999.999999989755 3999999.999999989755 3999999.999999979511 3999999.999999979511 3999999.999999989755 3999999.999999989755 3999999.999999979511 3999999.999999979511 3999999.999999989755 3999999.999999989755 3999999.999999989755 3999999.999999989755
99 3912116.890774599742 3912116.890774600208 3912116.890774600208 3912116.890774600208 3912116.890774600208 3912116.890774600208 3348661.424899900332 3348661.424899900332 1443895.572478439892 0.000000000000 3244644.424576879945 3244644.424576890189 3244644.424576890189 3244644.424576879945 3999999.999999999534 3999999.999999999534 3999999.999999999534 4000000.000000000000 4000000.000000000000 4000000.000000000000 4000000.000000000000 4000000.000000000000 4000000.000000000000 4000000.000000000000 4000000.000000000000 4000000.000000000000 4000000.000000000000 4000000.000000000000 4000000.000000000000 4000000.000000000000 4000000.000000000000 4000000.000000000000 4000000.000000000000 4000000.000000009779 4000000.000000009779 3999999.999999989755 3999999.999999979977 3999999.999999979977 3999999.999999979977 3999999.999999979977 3999999.999999979977 3999999.999999979977 3999999.999999979977 3999999.999999979977 3999999.999999979977 3999999.999999990221 3999999.999999990221 3999999.999999990221 3999999.999999989755 3999999.999999990221 3999999.999999990221 3999999.999999990221 3999999.999999990221 3999999.999999990221 3999999.999999990221 3999999.999999990221 3999999.999999990221 3999999.999999990221 3999999.999999990221 3999999.999999990221 3999999.999999990221 3999999.999999990221 3999999.999999990221 3999999.999999990221 3999999.999999990221 3999999.999999990221 3999999.999999990221 3999999.999999990221 3999999.999999989755 3999999.999999989755 3999999.999999989755 3999999.999999989755 3999999.999999989755 3999999.999999989755 3999999.999999989755 4000000.000000000000 4000000.000000000000 3999999.999999989755 3999999.999999989755 3999999.999999990221 3999999.999999990221 3999999.999999979977 3999999.999999989755 4000000.000000000000 3999999.999999989755 4000000.000000000000 4000000.000000000000 4000000.000000000000 3999999.999999989755 3999999.999999989755 3999999.999999979511 3999999.999999979511 3999999.999999989755 3999999.999999989755 3999999.999999979511 3999999.999999979511 3999999.999999989755 3999999.999999989755 3999999.999999989755 3999999.999999989755
87 3912116.890774599742 3912116.890774600208 3912116.890774600208 3912116.890774600208 3912116.890774600208 3912116.890774600208 3348661.424899900332 3348661.424899900332 3244644.424576879945 3244644.424576879945 0.000000000000 2962251.219819710124 2962251.219819710124 2962251.219819699880 3999999.999999999534 3999999.999999999534 3999999.999999999534 4000000.000000000000 4000000.000000000000 4000000.000000000000 4000000.000000000000 4000000.000000000000 4000000.000000000000 4000000.000000000000 4000000.000000000000 4000000.000000000000 4000000.000000000000 4000000.000000000000 4000000.000000000000 4000000.000000000000 4000000.000000000000 4000000.000000000000 4000000.000000000000 4000000.000000009779 4000000.000000009779 3999999.999999989755 3999999.999999979977 3999999.999999979977 3999999.999999979977 3999999.999999979977 3999999.999999979977 3999999.999999979977 3999999.999999979977 3999999.999999979977 3999999.999999979977 3999999.999999990221 3999999.999999990221 3999999.999999990221 3999999.999999989755 3999999.999999990221 3999999.999999990221 3999999.999999990221 3999999.999999990221 3999999.999999990221 3999999.999999990221 3999999.999999990221 3999999.999999990221 3999999.999999990221 3999999.999999990221 3999999.999999990221 3999999.999999990221 3999999.999999990221 3999999.999999990221 3999999.999999990221 3999999.999999990221 3999999.999999990221 3999999.999999990221 3999999.999999990221 3999999.999999989755 3999999.999999989755 3999999.999999989755 3999999.999999989755 3999999.999999989755 3999999.999999989755 3999999.999999989755 4000000.000000000000 4000000.000000000000 3999999.999999989755 3999999.999999989755 3999999.999999990221 3999999.999999990221 3999999.999999979977 3999999.999999989755 4000000.000000000000 3999999.999999989755 4000000.000000000000 4000000.000000000000 4000000.000000000000 3999999.999999989755 3999999.999999989755 3999999.999999979511 3999999.999999979511 3999999.999999989755 3999999.999999989755 3999999.999999979511 3999999.999999979511 3999999.999999989755 3999999.999999989755 3999999.999999989755 3999999.999999989755
95 3912116.890774609987 3912116.890774610452 3912116.890774610452 3912116.890774610452 3912116.890774610452 3912116.890774610452 3348661.424899910577 3348661.424899910577 3244644.424576890189 3244644.424576890189 2962251.219819710124 0.000000000000 1363473.412173740100 2764262.540909430012 4000000.000000009779 4000000.000000009779 4000000.000000009779 4000000.000000010245 4000000.000000010245 4000000.000000010245 4000000.000000010245 4000000.000000010245 4000000.000000010245 4000000.000000010245 4000000.000000010245 4000000.000000010245 4000000.000000010245 4000000.000000010245 4000000.000000010245 4000000.000000010245 4000000.000000010245 4000000.000000010245 4000000.000000010245 4000000.000000020023 4000000.000000020023 4000000.000000000000 3999999.999999990221 3999999.999999990221 3999999.999999990221 3999999.999999990221 3999999.999999990221 3999999.999999990221 3999999.999999990221 3999999.999999990221 3999999.999999990221 4000000.000000000466 4000000.000000000466 4000000.000000000466 4000000.000000000000 4000000.000000000466 4000000.000000000466 4000000.000000000466 4000000.000000000466 4000000.000000000466 4000000.000000000466 4000000.000000000466 4000000.000000000466 4000000.000000000466 4000000.000000000466 4000000.000000000466 4000000.000000000466 4000000.000000000466 4000000.000000000466 4000000.000000000466 4000000.000000000466 4000000.000000000466 4000000.000000000466 4000000.000000000466 4000000.000000000000 4000000.000000000000 4000000.000000000000 4000000.000000000000 4000000.000000000000 4000000.000000000000 4000000.000000000000 4000000.000000010245 4000000.000000010245 4000000.000000000000 4000000.000000000000 4000000.000000000466 4000000.000000000466 3999999.999999990221 4000000.000000000000 4000000.000000010245 4000000.000000000000 4000000.000000010245 4000000.000000010245 4000000.000000010245 4000000.000000000000 4000000.000000000000 3999999.999999989755 3999999.999999989755 4000000.000000000000 4000000.000000000000 3999999.999999989755 3999999.999999989755 4000000.000000000000 4000000.000000000000 4000000.000000000000 4000000.000000000000
88 3912116.890774609987 3912116.890774610452 3912116.890774610452 3912116.890774610452 3912116.890774610452 3912116.890774610452 3348661.424899910577 3348661.424899910577 3244644.424576890189 3244644.424576890189 2962251.219819710124 1363473.412173740100 0.000000000000 2764262.540909430012 4000000.000000009779 4000000.000000009779 4000000.000000009779 4000000.000000010245 4000000.000000010245 4000000.000000010245 4000000.000000010245 4000000.000000010245 4000000.000000010245 4000000.000000010245 4000000.000000010245 4000000.000000010245 4000000.000000010245 4000000.000000010245 4000000.000000010245 4000000.000000010245 4000000.000000010245 4000000.000000010245 4000000.000000010245 4000000.000000020023 4000000.000000020023 4000000.000000000000 3999999.999999990221 3999999.999999990221 3999999.999999990221 3999999.999999990221 3999999.999999990221 3999999.999999990221 3999999.999999990221 3999999.999999990221 3999999.999999990221 4000000.000000000466 4000000.000000000466 4000000.000000000466 4000000.000000000000 4000000.000000000466 4000000.000000000466 4000000.000000000466 4000000.000000000466 4000000.000000000466 4000000.000000000466 4000000.000000000466 4000000.000000000466 4000000.000000000466 4000000.000000000466 4000000.000000000466 4000000.000000000466 4000000.000000000466 4000000.000000000466 4000000.000000000466 4000000.000000000466 4000000.000000000466 4000000.000000000466 4000000.000000000466 4000000.000000000000 4000000.000000000000 4000000.000000000000 4000000.000000000000 4000000.000000000000 4000000.000000000000 4000000.000000000000 4000000.000000010245 4000000.000000010245 4000000.000000000000 4000000.000000000000 4000000.000000000466 4000000.000000000466 3999999.999999990221 4000000.000000000000 4000000.000000010245 4000000.000000000000 4000000.000000010245 4000000.000000010245 4000000.000000010245 4000000.000000000000 4000000.000000000000 3999999.999999989755 3999999.999999989755 4000000.000000000000 4000000.000000000000 3999999.999999989755 3999999.999999989755 4000000.000000000000 4000000.000000000000 4000000.000000000000 4000000.000000000000
98 3912116.890774599742 3912116.890774600208 3912116.890774600208 3912116.890774600208 3912116.890774600208 3912116.890774600208 3348661.424899900332 3348661.424899900332 3244644.424576879945 3244644.424576879945 2962251.219819699880 2764262.540909430012 2764262.540909430012 0.000000000000 3999999.999999999534 3999999.999999999534 3999999.999999999534 4000000.000000000000 4000000.000000000000 4000000.000000000000 4000000.000000000000 4000000.000000000000 4000000.000000000000 4000000.000000000000 4000000.000000000000 4000000.000000000000 4000000.000000000000 4000000.000000000000 4000000.000000000000 4000000.000000000000 4000000.000000000000 4000000.000000000000 4000000.000000000000 4000000.000000009779 4000000.000000009779 3999999.999999989755 3999999.999999979977 3999999.999999979977 3999999.999999979977 3999999.999999979977 3999999.999999979977 3999999.999999979977 3999999.999999979977 3999999.999999979977 3999999.999999979977 3999999.999999990221 3999999.999999990221 3999999.999999990221 3999999.999999989755 3999999.999999990221 3999999.999999990221 3999999.999999990221 3999999.999999990221 3999999.999999990221 3999999.999999990221 3999999.999999990221 3999999.999999990221 3999999.999999990221 3999999.999999990221 3999999.999999990221 3999999.999999990221 3999999.999999990221 3999999.999999990221 3999999.999999990221 3999999.999999990221 3999999.999999990221 3999999.999999990221 3999999.999999990221 3999999.999999989755 3999999.999999989755 3999999.999999989755 3999999.999999989755 3999999.999999989755 3999999.999999989755 3999999.999999989755 4000000.000000000000 4000000.000000000000 3999999.999999989755 3999999.999999989755 3999999.999999990221 3999999.999999990221 3999999.999999979977 3999999.999999989755 4000000.000000000000 3999999.999999989755 4000000.000000000000 4000000.000000000000 4000000.000000000000 3999999.999999989755 3999999.999999989755 3999999.999999979511 3999999.999999979511 3999999.999999989755 3999999.999999989755 3999999.999999979511 3999999.999999979511 3999999.999999989755 3999999.999999989755 3999999.999999989755 3999999.999999989755
5 3999999.999999999534 4000000.000000000000 4000000.000000000000 4000000.000000000000 4000000.000000000000 4000000.000000000000 4000000.000000000000 4000000.000000000000 3999999.999999999534 3999999.999999999534 3999999.999999999534 4000000.000000009779 4000000.000000009779 3999999.999999999534 0.000000000000 1442154.144030140014 1442154.144030140014 3163165.710970040411 3163165.710970040411 3921629.492681200150 3921629.492681200150 3921629.492681200150 3921629.492681200150 3921629.492681200150 3921629.492681199685 3921629.492681200150 3921629.492681200150 3921629.492681200150 3921629.492681199685 3921629.492681199685 3921629.492681199685 3921629.492681199685 3921629.492681199685 3921629.492681209929 3921629.492681209929 3921629.492681189906 3921629.492681180127 3921629.492681180127 3921629.492681180127 3921629.492681180127 3921629.492681180127 3921629.492681180127 3921629.492681180127 3921629.492681180127 3921629.492681180127 3921629.492681190372 3921629.492681190372 3921629.492681190372 3921629.492681189906 3921629.492681190372 3921629.492681190372 3921629.492681190372 3921629.492681190372 3921629.492681190372 3921629.492681190372 3921629.492681190372 3921629.492681190372 3921629.492681190372 3921629.492681190372 3921629.492681190372 3921629.492681190372 3921629.492681190372 3921629.492681190372 3921629.492681190372 3921629.492681190372 3921629.492681190372 3921629.492681190372 3921629.492681190372 3921629.492681189906 3921629.492681189906 3921629.492681189906 3921629.492681189906 3921629.492681189906 3921629.492681189906 3921629.492681190372 3921629.492681200150 3921629.492681200150 3921629.492681190372 3921629.492681190372 3921629.492681190372 3921629.492681190372 3921629.492681180127 3921629.492681189906 3921629.492681199685 3921629.492681190372 3921629.492681199685 3921629.492681199685 3921629.492681199685 3921629.492681190372 3921629.492681190372 3921629.492681180127 3921629.492681180127 3921629.492681190372 3921629.492681190372 3921629.492681180127 3921629.492681180127 3921629.492681190372 3921629.492681189440 3921629.492681189440 3921629.492681189440
67 3999999.999999999534 4000000.000000000000 4000000.000000000000 4000000.000000000000 4000000.000000000000 4000000.000000000000 4000000.000000000000 4000000.000000000000 3999999.999999999534 3999999.999999999534 3999999.999999999534 4000000.000000009779 4000000.000000009779 3999999.999999999534 1442154.144030140014 0.000000000000 983380.142531119986 3163165.710970040411 3163165.710970040411 3921629.492681200150 3921629.492681200150 3921629.492681200150 3921629.492681200150 3921629.492681200150 3921629.492681199685 3921629.492681200150 3921629.492681200150 3921629.492681200150 3921629.492681199685 3921629.492681199685 3921629.492681199685 3921629.492681199685 3921629.492681199685 3921629.492681209929 3921629.492681209929 3921629.492681189906 3921629.492681180127 3921629.492681180127 3921629.492681180127 3921629.492681180127 3921629.492681180127 3921629.492681180127 3921629.492681180127 3921629.492681180127 3921629.492681180127 3921629.492681190372 3921629.492681190372 3921629.492681190372 3921629.492681189906 3921629.492681190372 3921629.492681190372 3921629.492681190372 3921629.492681190372 3921629.492681190372 3921629.492681190372 3921629.492681190372 3921629.492681190372 3921629.492681190372 3921629.492681190372 3921629.492681190372 3921629.492681190372 3921629.492681190372 3921629.492681190372 3921629.492681190372 3921629.492681190372 3921629.492681190372 3921629.492681190372 3921629.492681190372 3921629.492681189906 3921629.492681189906 3921629.492681189906 3921629.492681189906 3921629.492681189906 3921629.492681189906 3921629.492681190372 3921629.492681200150 3921629.492681200150 3921629.492681190372 3921629.492681190372 3921629.492681190372 3921629.492681190372 3921629.492681180127 3921629.492681189906 3921629.492681199685 3921629.492681190372 3921629.492681199685 3921629.492681199685 3921629.492681199685 3921629.492681190372 3921629.492681190372 3921629.492681180127 3921629.492681180127 3921629.492681190372 3921629.492681190372 3921629.492681180127 3921629.492681180127 3921629.492681190372 3921629.492681189440 3921629.492681189440 3921629.492681189440
22 3999999.999999999534 4000000.000000000000 4000000.000000000000 4000000.000000000000 4000000.000000000000 4000000.000000000000 4000000.000000000000 4000000.000000000000 3999999.999999999534 3999999.999999999534 3999999.999999999534 4000000.000000009779 4000000.000000009779 3999999.999999999534 1442154.144030140014 983380.142531119986 0.000000000000 3163165.710970040411 3163165.710970040411 3921629.492681200150 3921629.492681200150 3921629.492681200150 3921629.492681200150 3921629.492681200150 3921629.492681199685 3921629.492681200150 3921629.492681200150 3921629.492681200150 3921629.492681199685 3921629.492681199685 3921629.492681199685 3921629.492681199685 3921629.492681199685 3921629.492681209929 3921629.492681209929 3921629.492681189906 3921629.492681180127 3921629.492681180127 3921629.492681180127 3921629.492681180127 3921629.492681180127 3921629.492681180127 3921629.492681180127 3921629.492681180127 3921629.492681180127 3921629.492681190372 3921629.492681190372 3921629.492681190372 3921629.492681189906 3921629.492681190372 3921629.492681190372 3921629.492681190372 3921629.492681190372 3921629.492681190372 3921629.492681190372 3921629.492681190372 3921629.492681190372 3921629.492681190372 3921629.492681190372 3921629.492681190372 3921629.492681190372 3921629.492681190372 3921629.492681190372 3921629.492681190372 3921629.492681190372 3921629.492681190372 3921629.492681190372 3921629.492681190372 3921629.492681189906 3921629.492681189906 3921629.492681189906 3921629.492681189906 3921629.492681189906 3921629.492681189906 3921629.492681190372 3921629.492681200150 3921629.492681200150 3921629.492681190372 3921629.492681190372 3921629.492681190372 3921629.492681190372 3921629.492681180127 3921629.492681189906 3921629.492681199685 3921629.492681190372 3921629.492681199685 3921629.492681199685 3921629.492681199685 3921629.492681190372 3921629.492681190372 3921629.492681180127 3921629.492681180127 3921629.492681190372 3921629.492681190372 3921629.492681180127 3921629.492681180127 3921629.492681190372 3921629.492681189440 3921629.492681189440 3921629.492681189440
86 4000000.000000000000 4000000.000000000000 4000000.000000000000 4000000.000000000000 4000000.000000000000 4000000.000000000000 4000000.000000000000 4000000.000000000000 4000000.000000000000 4000000.000000000000 4000000.000000000000 4000000.000000010245 4000000.000000010245 4000000.000000000000 3163165.710970040411 3163165.710970040411 3163165.710970040411 0.000000000000 1787432.809004520066 3921629.492681200616 3921629.492681200616 3921629.492681200616 3921629.492681200616 3921629.492681200616 3921629.492681200616 3921629.492681200616 3921629.492681200616 3921629.492681200616 3921629.492681200616 3921629.492681200616 3921629.492681200616 3921629.492681200616 3921629.492681200616 3921629.492681210395 3921629.492681210395 3921629.492681190372 3921629.492681180593 3921629.492681180593 3921629.492681180593 3921629.492681180593 3921629.492681180593 3921629.492681180593 3921629.492681180593 3921629.492681180593 3921629.492681180593 3921629.492681190837 3921629.492681190837 3921629.492681190837 3921629.492681190372 3921629.492681190837 3921629.492681190837 3921629.492681190837 3921629.492681190837 3921629.492681190837 3921629.492681190837 3921629.492681190837 3921629.492681190837 3921629.492681190837 3921629.492681190837 3921629.492681190837 3921629.492681190837 3921629.492681190837 3921629.492681190837 3921629.492681190837 3921629.492681190837 3921629.492681190837 3921629.492681190837 3921629.492681190837 3921629.492681190372 3921629.492681190372 3921629.492681190372 3921629.492681190372 3921629.492681190372 3921629.492681190372 3921629.492681190372 3921629.492681200616 3921629.492681200616 3921629.492681190372 3921629.492681190372 3921629.492681190837 3921629.492681190837 3921629.492681180593 3921629.492681190372 3921629.492681200616 3921629.492681190372 3921629.492681200616 3921629.492681200616 3921629.492681200616 3921629.492681190372 3921629.492681190372 3921629.492681180127 3921629.492681180127 3921629.492681190372 3921629.492681190372 3921629.492681180127 3921629.492681180127 3921629.492681190372 3921629.492681190372 3921629.492681190372 3921629.492681190372
14 4000000.000000000000 4000000.000000000000 4000000.000000000000 4000000.000000000000 4000000.000000000000 4000000.000000000000 4000000.000000000000 4000000.000000000000 4000000.000000000000 4000000.000000000000 4000000.000000000000 4000000.000000010245 4000000.000000010245 4000000.000000000000 3163165.710970040411 3163165.710970040411 3163165.710970040411 1787432.809004520066 0.000000000000 3921629.492681200616 3921629.492681200616 3921629.492681200616 3921629.492681200616 3921629.492681200616 3921629.492681200616 3921629.492681200616 3921629.492681200616 3921629.492681200616 3921629.492681200616 3921629.492681200616 3921629.492681200616 3921629.492681200616 3921629.492681200616 3921629.492681210395 3921629.492681210395 3921629.492681190372 3921629.492681180593 3921629.492681180593 3921629.492681180593 3921629.492681180593 3921629.492681180593 3921629.492681180593 3921629.492681180593 3921629.492681180593 3921629.492681180593 3921629.492681190837 3921629.492681190837 3921629.492681190837 3921629.492681190372 3921629.492681190837 3921629.492681190837 3921629.492681190837 3921629.492681190837 3921629.492681190837 3921629.492681190837 3921629.492681190837 3921629.492681190837 3921629.492681190837 3921629.492681190837 3921629.492681190837 3921629.492681190837 3921629.492681190837 3921629.492681190837 3921629.492681190837 3921629.492681190837 3921629.492681190837 3921629.492681190837 3921629.492681190837 3921629.492681190372 3921629.492681190372 3921629.492681190372 3921629.492681190372 3921629.492681190372 3921629.492681190372 3921629.492681190372 3921629.492681200616 3921629.492681200616 3921629.492681190372 3921629.492681190372 3921629.492681190837 3921629.492681190837 3921629.492681180593 3921629.492681190372 3921629.492681200616 3921629.492681190372 3921629.492681200616 3921629.492681200616 3921629.492681200616 3921629.492681190372 3921629.492681190372 3921629.492681180127 3921629.492681180127 3921629.492681190372 3921629.492681190372 3921629.492681180127 3921629.492681180127 3921629.492681190372 3921629.492681190372 3921629.492681190372 3921629.492681190372
