100
98 0.000000000000 1009283.157607240020 1335640.727429749910 2074962.384773869999 2085008.139788980130 2188480.799154180102 2188480.799154180102 4000000.000000020023 4000000.000000020023 4000000.000000020023 4000000.000000020023 4000000.000000009779 4000000.000000009779 4000000.000000010245 4000000.000000010245 4000000.000000010245 4000000.000000010245 4000000.000000010245 4000000.000000019558 4000000.000000019558 4000000.000000020023 4000000.000000020023 4000000.000000029802 4000000.000000020023 4000000.000000029802 4000000.000000020023 4000000.000000020023 4000000.000000010245 4000000.000000010245 4000000.000000020023 4000000.000000020023 4000000.000000029802 4000000.000000029802 4000000.000000029802 4000000.000000019558 4000000.000000019558 4000000.000000020023 4000000.000000020023 4000000.000000020023 4000000.000000020023 4000000.000000029802 4000000.000000029802 4000000.000000040047 4000000.000000040047 4000000.000000029802 4000000.000000029802 4000000.000000030268 4000000.000000030268 4000000.000000030268 4000000.000000030268 4000000.000000029802 4000000.000000029802 4000000.000000030268 4000000.000000030268 4000000.000000030268 4000000.000000020489 4000000.000000020489 4000000.000000030268 4000000.000000030268 4000000.000000040047 4000000.000000040047 4000000.000000029802 4000000.000000020023 4000000.000000020023 4000000.000000029802 4000000.000000029802 4000000.000000029802 4000000.000000029802 4000000.000000029802 4000000.000000029802 4000000.000000029802 4000000.000000020023 4000000.000000020023 4000000.000000020023 4000000.000000029802 4000000.000000029802 4000000.000000020023 4000000.000000020023 4000000.000000029802 4000000.000000029802 4000000.000000029802 4000000.000000029802 4000000.000000029802 4000000.000000029802 4000000.000000029802 4000000.000000029802 4000000.000000020489 4000000.000000020489 4000000.000000020023 4000000.000000020023 4000000.000000029802 4000000.000000020489 4000000.000000020023 4000000.000000020023 4000000.000000020023 4000000.000000020489 4000000.000000020489 4000000.000000020023 4000000.000000020023 4000000.000000020023
96 1009283.157607240020 0.000000000000 1335640.727429749910 2074962.384773869999 2085008.139788980130 2188480.799154180102 2188480.799154180102 4000000.000000020023 4000000.000000020023 4000000.000000020023 4000000.000000020023 4000000.000000009779 4000000.000000009779 4000000.000000010245 4000000.000000010245 4000000.000000010245 4000000.000000010245 4000000.000000010245 4000000.000000019558 4000000.000000019558 4000000.000000020023 4000000.000000020023 4000000.000000029802 4000000.000000020023 4000000.000000029802 4000000.000000020023 4000000.000000020023 4000000.000000010245 4000000.000000010245 4000000.000000020023 4000000.000000020023 4000000.000000029802 4000000.000000029802 4000000.000000029802 4000000.000000019558 4000000.000000019558 4000000.000000020023 4000000.000000020023 4000000.000000020023 4000000.000000020023 4000000.000000029802 4000000.000000029802 4000000.000000040047 4000000.000000040047 4000000.000000029802 4000000.000000029802 4000000.000000030268 4000000.000000030268 4000000.000000030268 4000000.000000030268 4000000.000000029802 4000000.000000029802 4000000.000000030268 4000000.000000030268 4000000.000000030268 4000000.000000020489 4000000.000000020489 4000000.000000030268 4000000.000000030268 4000000.000000040047 4000000.000000040047 4000000.000000029802 4000000.000000020023 4000000.000000020023 4000000.000000029802 4000000.000000029802 4000000.000000029802 4000000.000000029802 4000000.000000029802 4000000.000000029802 4000000.000000029802 4000000.000000020023 4000000.000000020023 4000000.000000020023 4000000.000000029802 4000000.000000029802 4000000.000000020023 4000000.000000020023 4000000.000000029802 4000000.000000029802 4000000.000000029802 4000000.000000029802 4000000.000000029802 4000000.000000029802 4000000.000000029802 4000000.000000029802 4000000.000000020489 4000000.000000020489 4000000.000000020023 4000000.000000020023 4000000.000000029802 4000000.000000020489 4000000.000000020023 4000000.000000020023 4000000.000000020023 4000000.000000020489 4000000.000000020489 4000000.000000020023 4000000.000000020023 4000000.000000020023
94 1335640.727429749910 1335640.727429749910 0.000000000000 2074962.384773859754 2085008.139788969886 2188480.799154169858 2188480.799154169858 4000000.000000009779 4000000.000000009779 4000000.000000009779 4000000.000000009779 3999999.999999999534 3999999.999999999534 4000000.000000000000 4000000.000000000000 4000000.000000000000 4000000.000000000000 4000000.000000000000 4000000.000000009313 4000000.000000009313 4000000.000000009779 4000000.000000009779 4000000.000000019558 4000000.000000009779 4000000.000000019558 4000000.000000009779 4000000.000000009779 4000000.000000000000 4000000.000000000000 4000000.000000009779 4000000.000000009779 4000000.000000019558 4000000.000000019558 4000000.000000019558 4000000.000000009313 4000000.000000009313 4000000.000000009779 4000000.000000009779 4000000.000000009779 4000000.000000009779 4000000.000000019558 4000000.000000019558 4000000.000000029802 4000000.000000029802 4000000.000000019558 4000000.000000019558 4000000.000000020023 4000000.000000020023 4000000.000000020023 4000000.000000020023 4000000.000000019558 4000000.000000019558 4000000.000000020023 4000000.000000020023 4000000.000000020023 4000000.000000010245 4000000.000000010245 4000000.000000020023 4000000.000000020023 4000000.000000029802 4000000.000000029802 4000000.000000019558 4000000.000000009779 4000000.000000009779 4000000.000000019558 4000000.000000019558 4000000.000000019558 4000000.000000019558 4000000.000000019558 4000000.000000019558 4000000.000000019558 4000000.000000009779 4000000.000000009779 4000000.000000009779 4000000.000000019558 4000000.000000019558 4000000.000000009779 4000000.000000009779 4000000.000000019558 4000000.000000019558 4000000.000000019558 4000000.000000019558 4000000.000000019558 4000000.000000019558 4000000.000000019558 4000000.000000019558 4000000.000000010245 4000000.000000010245 4000000.000000009779 4000000.000000009779 4000000.000000019558 4000000.000000010245 4000000.000000009779 4000000.000000009779 4000000.000000009779 4000000.000000010245 4000000.000000010245 4000000.000000009779 4000000.000000009779 4000000.000000009779
95 2074962.384773869999 2074962.384773869999 2074962.384773859754 0.000000000000 2085008.139788969886 2188480.799154169858 2188480.799154169858 4000000.000000010245 4000000.000000010245 4000000.000000010245 4000000.000000010245 4000000.000000000000 4000000.000000000000 4000000.000000000000 4000000.000000000000 4000000.000000000000 4000000.000000000000 4000000.000000000000 4000000.000000009779 4000000.000000009779 4000000.000000010245 4000000.000000010245 4000000.000000020023 4000000.000000010245 4000000.000000020023 4000000.000000010245 4000000.000000010245 4000000.000000000000 4000000.000000000000 4000000.000000010245 4000000.000000010245 4000000.000000020023 4000000.000000019558 4000000.000000019558 4000000.000000009779 4000000.000000009779 4000000.000000010245 4000000.000000010245 4000000.000000010245 4000000.000000010245 4000000.000000020023 4000000.000000020023 4000000.000000030268 4000000.000000030268 4000000.000000020023 4000000.000000020023 4000000.000000020489 4000000.000000020489 4000000.000000020489 4000000.000000020489 4000000.000000020023 4000000.000000020023 4000000.000000020489 4000000.000000020489 4000000.000000020489 4000000.000000010245 4000000.000000010245 4000000.000000020489 4000000.000000020489 4000000.000000030268 4000000.000000030268 4000000.000000020023 4000000.000000010245 4000000.000000010245 4000000.000000020023 4000000.000000020023 4000000.000000020023 4000000.000000020023 4000000.000000020023 4000000.000000020023 4000000.000000020023 4000000.000000010245 4000000.000000010245 4000000.000000010245 4000000.000000020023 4000000.000000020023 4000000.000000010245 4000000.000000010245 4000000.000000020023 4000000.000000020023 4000000.000000020023 4000000.000000020023 4000000.000000020023 4000000.000000020023 4000000.000000020023 4000000.000000020023 4000000.000000010245 4000000.000000010245 4000000.000000010245 4000000.000000010245 4000000.000000020023 4000000.000000010245 4000000.000000010245 4000000.000000010245 4000000.000000010245 4000000.000000010245 4000000.000000010245 4000000.000000010245 4000000.000000010245 4000000.000000010245
100 2085008.139788980130 2085008.139788980130 2085008.139788969886 2085008.139788969886 0.000000000000 2188480.799154160079 2188480.799154160079 4000000.000000000000 4000000.000000000000 4000000.000000000000 4000000.000000000000 3999999.999999989755 3999999.999999989755 3999999.999999989755 3999999.999999989755 3999999.999999989755 3999999.999999989755 3999999.999999989755 4000000.000000000000 4000000.000000000000 4000000.000000000000 4000000.000000000000 4000000.000000010245 4000000.000000000000 4000000.000000010245 4000000.000000000000 4000000.000000000000 3999999.999999989755 3999999.999999989755 4000000.000000000000 4000000.000000000000 4000000.000000010245 4000000.000000009779 4000000.000000009779 4000000.000000000000 4000000.000000000000 4000000.000000000000 4000000.000000000000 4000000.000000000000 4000000.000000000000 4000000.000000010245 4000000.000000010245 4000000.000000020489 4000000.000000020489 4000000.000000010245 4000000.000000010245 4000000.000000010245 4000000.000000010245 4000000.000000010245 4000000.000000010245 4000000.000000010245 4000000.000000010245 4000000.000000010245 4000000.000000010245 4000000.000000010245 4000000.000000000000 4000000.000000000000 4000000.000000010245 4000000.000000010245 4000000.000000020489 4000000.000000020489 4000000.000000010245 4000000.000000000000 4000000.000000000000 4000000.000000010245 4000000.000000010245 4000000.000000010245 4000000.000000010245 4000000.000000010245 4000000.000000010245 4000000.000000010245 4000000.000000000000 4000000.000000000000 4000000.000000000000 4000000.000000010245 4000000.000000010245 4000000.000000000000 4000000.000000000000 4000000.000000010245 4000000.000000010245 4000000.000000010245 4000000.000000010245 4000000.000000010245 4000000.000000010245 4000000.000000010245 4000000.000000010245 4000000.000000000000 4000000.000000000000 4000000.000000000000 4000000.000000000000 4000000.000000010245 4000000.000000000000 4000000.000000000000 4000000.000000000000 4000000.000000000000 4000000.000000000000 4000000.000000000000 4000000.000000000000 4000000.000000000000 4000000.000000000000
97 2188480.799154180102 2188480.799154180102 2188480.799154169858 2188480.799154169858 2188480.799154160079 0.000000000000 653823.931435039965 4000000.000000000000 4000000.000000000000 4000000.000000000000 4000000.000000000000 3999999.999999989755 3999999.999999989755 3999999.999999989755 3999999.999999989755 3999999.999999989755 3999999.999999989755 3999999.999999989755 4000000.000000000000 4000000.000000000000 4000000.000000000000 4000000.000000000000 4000000.000000010245 4000000.000000000000 4000000.000000010245 4000000.000000000000 4000000.000000000000 3999999.999999989755 3999999.999999989755 4000000.000000000000 4000000.000000000000 4000000.000000010245 4000000.000000009779 4000000.000000009779 4000000.000000000000 4000000.000000000000 4000000.000000000000 4000000.000000000000 4000000.000000000000 4000000.000000000000 4000000.000000010245 4000000.000000010245 4000000.000000020489 4000000.000000020489 4000000.000000010245 4000000.000000010245 4000000.000000010245 4000000.000000010245 4000000.000000010245 4000000.000000010245 4000000.000000010245 4000000.000000010245 4000000.000000010245 4000000.000000010245 4000000.000000010245 4000000.000000000000 4000000.000000000000 4000000.000000010245 4000000.000000010245 4000000.000000020489 4000000.000000020489 4000000.000000010245 4000000.000000000000 4000000.000000000000 4000000.000000010245 4000000.000000010245 4000000.000000010245 4000000.000000010245 4000000.000000010245 4000000.000000010245 4000000.000000010245 4000000.000000000000 4000000.000000000000 4000000.000000000000 4000000.000000010245 4000000.000000010245 4000000.000000000000 4000000.000000000000 4000000.000000010245 4000000.000000010245 4000000.000000010245 4000000.000000010245 4000000.000000010245 4000000.000000010245 4000000.000000010245 4000000.000000010245 4000000.000000000000 4000000.000000000000 4000000.000000000000 4000000.000000000000 4000000.000000010245 4000000.000000000000 4000000.000000000000 4000000.000000000000 4000000.000000000000 4000000.000000000000 4000000.000000000000 4000000.000000000000 4000000.000000000000 4000000.000000000000
99 2188480.799154180102 2188480.799154180102 2188480.799154169858 2188480.799154169858 2188480.799154160079 653823.931435039965 0.000000000000 4000000.000000000000 4000000.000000000000 4000000.000000000000 4000000.000000000000 3999999.999999989755 3999999.999999989755 3999999.999999989755 3999999.999999989755 3999999.999999989755 3999999.999999989755 3999999.999999989755 4000000.000000000000 4000000.000000000000 4000000.000000000000 4000000.000000000000 4000000.000000010245 4000000.000000000000 4000000.000000010245 4000000.000000000000 4000000.000000000000 3999999.999999989755 3999999.999999989755 4000000.000000000000 4000000.000000000000 4000000.000000010245 4000000.000000009779 4000000.000000009779 4000000.000000000000 4000000.000000000000 4000000.000000000000 4000000.000000000000 4000000.000000000000 4000000.000000000000 4000000.000000010245 4000000.000000010245 4000000.000000020489 4000000.000000020489 4000000.000000010245 4000000.000000010245 4000000.000000010245 4000000.000000010245 4000000.000000010245 4000000.000000010245 4000000.000000010245 4000000.000000010245 4000000.000000010245 4000000.000000010245 4000000.000000010245 4000000.000000000000 4000000.000000000000 4000000.000000010245 4000000.000000010245 4000000.000000020489 4000000.000000020489 4000000.000000010245 4000000.000000000000 4000000.000000000000 4000000.000000010245 4000000.000000010245 4000000.000000010245 4000000.000000010245 4000000.000000010245 4000000.000000010245 4000000.000000010245 4000000.000000000000 4000000.000000000000 4000000.000000000000 4000000.000000010245 4000000.000000010245 4000000.000000000000 4000000.000000000000 4000000.000000010245 4000000.000000010245 4000000.000000010245 4000000.000000010245 4000000.000000010245 4000000.000000010245 4000000.000000010245 4000000.000000010245 4000000.000000000000 4000000.000000000000 4000000.000000000000 4000000.000000000000 4000000.000000010245 4000000.000000000000 4000000.000000000000 4000000.000000000000 4000000.000000000000 4000000.000000000000 4000000.000000000000 4000000.000000000000 4000000.000000000000 4000000.000000000000
41 4000000.000000020023 4000000.000000020023 4000000.000000009779 4000000.000000010245 4000000.000000000000 4000000.000000000000 4000000.000000000000 0.000000000000 1000970.203174439957 1716218.994043380022 1721803.256317560095 2734497.603460949846 2734497.603460949846 2734497.603460949846 2734497.603460949846 2734497.603460949846 2734497.603460949846 2734497.603460949846 3695113.816690599546 3695113.816690599546 3695113.816690600011 3695113.816690600011 3695113.816690609790 3695113.816690600011 3695113.816690609790 3695113.816690600011 3695113.816690600011 3695113.816690590233 3695113.816690590233 3695113.816690600011 3695113.816690600011 3695113.816690609790 3695113.816690609790 3695113.816690609790 3695113.816690599546 3695113.816690599546 3695113.816690600011 3695113.816690600011 3695113.816690600011 3695113.816690600011 3695113.816690609790 3695113.816690609790 3917502.333505719900 3917502.333505719900 3917502.333505709656 3917502.333505709656 3917502.333505710121 3917502.333505710121 3917502.333505710121 3917502.333505710121 3917502.333505709656 3917502.333505709656 3917502.333505710121 3917502.333505710121 3917502.333505710121 3917502.333505700342 3917502.333505700342 3917502.333505710121 3917502.333505710121 3917502.333505719900 3917502.333505719900 3917502.333505709656 3917502.333505699877 3917502.333505699877 3917502.333505709656 3917502.333505709656 3917502.333505709656 3917502.333505709656 3917502.333505709656 3917502.333505709656 3917502.333505709656 3917502.333505699877 3917502.333505699877 3917502.333505699877 3917502.333505709656 3917502.333505709656 3917502.333505699877 3917502.333505699877 3917502.333505709656 3917502.333505709656 3917502.333505709656 3917502.333505709656 3917502.333505709656 3917502.333505709656 3917502.333505709656 3917502.333505709656 3917502.333505700342 3917502.333505700342 3917502.333505699877 3917502.333505699877 3917502.333505709656 3917502.333505700342 3917502.333505699877 3917502.333505699877 3917502.333505699877 3917502.333505700342 3917502.333505700342 3952129.779601980001 3952129.779601980001 3952129.779601980001
13 4000000.000000020023 4000000.000000020023 4000000.000000009779 4000000.000000010245 4000000.000000000000 4000000.000000000000 4000000.000000000000 1000970.203174439957 0.000000000000 1716218.994043380022 1721803.256317560095 2734497.603460949846 2734497.603460949846 2734497.603460949846 2734497.603460949846 2734497.603460949846 2734497.603460949846 2734497.603460949846 3695113.816690599546 3695113.816690599546 3695113.816690600011 3695113.816690600011 3695113.816690609790 3695113.816690600011 3695113.816690609790 3695113.816690600011 3695113.816690600011 3695113.816690590233 3695113.816690590233 3695113.816690600011 3695113.816690600011 3695113.816690609790 3695113.816690609790 3695113.816690609790 3695113.816690599546 3695113.816690599546 3695113.816690600011 3695113.816690600011 3695113.816690600011 3695113.816690600011 3695113.816690609790 3695113.816690609790 3917502.333505719900 3917502.333505719900 3917502.333505709656 3917502.333505709656 3917502.333505710121 3917502.333505710121 3917502.333505710121 3917502.333505710121 3917502.333505709656 3917502.333505709656 3917502.333505710121 3917502.333505710121 3917502.333505710121 3917502.333505700342 3917502.333505700342 3917502.333505710121 3917502.333505710121 3917502.333505719900 3917502.333505719900 3917502.333505709656 3917502.333505699877 3917502.333505699877 3917502.333505709656 3917502.333505709656 3917502.333505709656 3917502.333505709656 3917502.333505709656 3917502.333505709656 3917502.333505709656 3917502.333505699877 3917502.333505699877 3917502.333505699877 3917502.333505709656 3917502.333505709656 3917502.333505699877 3917502.333505699877 3917502.333505709656 3917502.333505709656 3917502.333505709656 3917502.333505709656 3917502.333505709656 3917502.333505709656 3917502.333505709656 3917502.333505709656 3917502.333505700342 3917502.333505700342 3917502.333505699877 3917502.333505699877 3917502.333505709656 3917502.333505700342 3917502.333505699877 3917502.333505699877 3917502.333505699877 3917502.333505700342 3917502.333505700342 3952129.779601980001 3952129.779601980001 3952129.779601980001
34 4000000.000000020023 4000000.000000020023 4000000.000000009779 4000000.000000010245 4000000.000000000000 4000000.000000000000 4000000.000000000000 1716218.994043380022 1716218.994043380022 0.000000000000 1721803.256317560095 2734497.603460949846 2734497.603460949846 2734497.603460949846 2734497.603460949846 2734497.603460949846 2734497.603460949846 2734497.603460949846 3695113.816690599546 3695113.816690599546 3695113.816690600011 3695113.816690600011 3695113.816690609790 3695113.816690600011 3695113.816690609790 3695113.816690600011 3695113.816690600011 3695113.816690590233 3695113.816690590233 3695113.816690600011 3695113.816690600011 3695113.816690609790 3695113.816690609790 3695113.816690609790 3695113.816690599546 3695113.816690599546 3695113.816690600011 3695113.816690600011 3695113.816690600011 3695113.816690600011 3695113.816690609790 3695113.816690609790 3917502.333505719900 3917502.333505719900 3917502.333505709656 3917502.333505709656 3917502.333505710121 3917502.333505710121 3917502.333505710121 3917502.333505710121 3917502.333505709656 3917502.333505709656 3917502.333505710121 3917502.333505710121 3917502.333505710121 3917502.333505700342 3917502.333505700342 3917502.333505710121 3917502.333505710121 3917502.333505719900 3917502.333505719900 3917502.333505709656 3917502.333505699877 3917502.333505699877 3917502.333505709656 3917502.333505709656 3917502.333505709656 3917502.333505709656 3917502.333505709656 3917502.333505709656 3917502.333505709656 3917502.333505699877 3917502.333505699877 3917502.333505699877 3917502.333505709656 3917502.333505709656 3917502.333505699877 3917502.333505699877 3917502.333505709656 3917502.333505709656 3917502.333505709656 3917502.333505709656 3917502.333505709656 3917502.333505709656 3917502.333505709656 3917502.333505709656 3917502.333505700342 3917502.333505700342 3917502.333505699877 3917502.333505699877 3917502.333505709656 3917502.333505700342 3917502.333505699877 3917502.333505699877 3917502.333505699877 3917502.333505700342 3917502.333505700342 3952129.779601980001 3952129.779601980001 3952129.779601980001
63 4000000.000000020023 4000000.000000020023 4000000.000000009779 4000000.000000010245 4000000.000000000000 4000000.000000000000 4000000.000000000000 1721803.256317560095 1721803.256317560095 1721803.256317560095 0.000000000000 2734497.603460949846 2734497.603460949846 2734497.603460949846 2734497.603460949846 2734497.603460949846 2734497.603460949846 2734497.603460949846 3695113.816690599546 3695113.816690599546 3695113.816690600011 3695113.816690600011 3695113.816690609790 3695113.816690600011 3695113.816690609790 3695113.816690600011 3695113.816690600011 3695113.816690590233 3695113.816690590233 3695113.816690600011 3695113.816690600011 3695113.816690609790 3695113.816690609790 3695113.816690609790 3695113.816690599546 3695113.816690599546 3695113.816690600011 3695113.816690600011 3695113.816690600011 3695113.816690600011 3695113.816690609790 3695113.816690609790 3917502.333505719900 3917502.333505719900 3917502.333505709656 3917502.333505709656 3917502.333505710121 3917502.333505710121 3917502.333505710121 3917502.333505710121 3917502.333505709656 3917502.333505709656 3917502.333505710121 3917502.333505710121 3917502.333505710121 3917502.333505700342 3917502.333505700342 3917502.333505710121 3917502.333505710121 3917502.333505719900 3917502.333505719900 3917502.333505709656 3917502.333505699877 3917502.333505699877 3917502.333505709656 3917502.333505709656 3917502.333505709656 3917502.333505709656 3917502.333505709656 3917502.333505709656 3917502.333505709656 3917502.333505699877 3917502.333505699877 3917502.333505699877 3917502.333505709656 3917502.333505709656 3917502.333505699877 3917502.333505699877 3917502.333505709656 3917502.333505709656 3917502.333505709656 3917502.333505709656 3917502.333505709656 3917502.333505709656 3917502.333505709656 3917502.333505709656 3917502.333505700342 3917502.333505700342 3917502.333505699877 3917502.333505699877 3917502.333505709656 3917502.333505700342 3917502.333505699877 3917502.333505699877 3917502.333505699877 3917502.333505700342 3917502.333505700342 3952129.779601980001 3952129.779601980001 3952129.779601980001
21 4000000.000000009779 4000000.000000009779 3999999.999999999534 4000000.000000000000 3999999.999999989755 3999999.999999989755 3999999.999999989755 2734497.603460949846 2734497.603460949846 2734497.603460949846 2734497.603460949846 0.000000000000 1224411.138952699956 1938501.560519500170 1938501.560519500170 1938501.560519500170 2403053.351262239739 2403053.351262239739 3695113.816690589301 3695113.816690589301 3695113.816690589767 3695113.816690589767 3695113.816690599546 3695113.816690589767 3695113.816690599546 3695113.816690589767 3695113.816690589767 3695113.816690579988 3695113.816690579988 3695113.816690589767 3695113.816690589767 3695113.816690599546 3695113.816690599546 3695113.816690599546 3695113.816690589301 3695113.816690589301 3695113.816690589767 3695113.816690589767 3695113.816690589767 3695113.816690589767 3695113.816690599546 3695113.816690599546 3917502.333505709656 3917502.333505709656 3917502.333505699411 3917502.333505699411 3917502.333505699877 3917502.333505699877 3917502.333505699877 3917502.333505699877 3917502.333505699411 3917502.333505699411 3917502.333505699877 3917502.333505699877 3917502.333505699877 3917502.333505690098 3917502.333505690098 3917502.333505699877 3917502.333505699877 3917502.333505709656 3917502.333505709656 3917502.333505699411 3917502.333505689632 3917502.333505689632 3917502.333505699411 3917502.333505699411 3917502.333505699411 3917502.333505699411 3917502.333505699411 3917502.333505699411 3917502.333505699411 3917502.333505689632 3917502.333505689632 3917502.333505689632 3917502.333505699411 3917502.333505699411 3917502.333505689632 3917502.333505689632 3917502.333505699411 3917502.333505699411 3917502.333505699411 3917502.333505699411 3917502.333505699411 3917502.333505699411 3917502.333505699411 3917502.333505699411 3917502.333505690098 3917502.333505690098 3917502.333505689632 3917502.333505689632 3917502.333505699411 3917502.333505690098 3917502.333505689632 3917502.333505689632 3917502.333505689632 3917502.333505690098 3917502.333505690098 3952129.779601969756 3952129.779601969756 3952129.779601969756
20 4000000.000000009779 4000000.000000009779 3999999.999999999534 4000000.000000000000 3999999.999999989755 3999999.999999989755 3999999.999999989755 2734497.603460949846 2734497.603460949846 2734497.603460949846 2734497.603460949846 1224411.138952699956 0.000000000000 1938501.560519500170 1938501.560519500170 1938501.560519500170 2403053.351262239739 2403053.351262239739 3695113.816690589301 3695113.816690589301 3695113.816690589767 3695113.816690589767 3695113.816690599546 3695113.816690589767 3695113.816690599546 3695113.816690589767 3695113.816690589767 3695113.816690579988 3695113.816690579988 3695113.816690589767 3695113.816690589767 3695113.816690599546 3695113.816690599546 3695113.816690599546 3695113.816690589301 3695113.816690589301 3695113.816690589767 3695113.816690589767 3695113.816690589767 3695113.816690589767 3695113.816690599546 3695113.816690599546 3917502.333505709656 3917502.333505709656 3917502.333505699411 3917502.333505699411 3917502.333505699877 3917502.333505699877 3917502.333505699877 3917502.333505699877 3917502.333505699411 3917502.333505699411 3917502.333505699877 3917502.333505699877 3917502.333505699877 3917502.333505690098 3917502.333505690098 3917502.333505699877 3917502.333505699877 3917502.333505709656 3917502.333505709656 3917502.333505699411 3917502.333505689632 3917502.333505689632 3917502.333505699411 3917502.333505699411 3917502.333505699411 3917502.333505699411 3917502.333505699411 3917502.333505699411 3917502.333505699411 3917502.333505689632 3917502.333505689632 3917502.333505689632 3917502.333505699411 3917502.333505699411 3917502.333505689632 3917502.333505689632 3917502.333505699411 3917502.333505699411 3917502.333505699411 3917502.333505699411 3917502.333505699411 3917502.333505699411 3917502.333505699411 3917502.333505699411 3917502.333505690098 3917502.333505690098 3917502.333505689632 3917502.333505689632 3917502.333505699411 3917502.333505690098 3917502.333505689632 3917502.333505689632 3917502.333505689632 3917502.333505690098 3917502.333505690098 3952129.779601969756 3952129.779601969756 3952129.779601969756
69 4000000.000000010245 4000000.000000010245 4000000.000000000000 4000000.000000000000 3999999.999999989755 3999999.999999989755 3999999.999999989755 2734497.603460949846 2734497.603460949846 2734497.603460949846 2734497.603460949846 1938501.560519500170 1938501.560519500170 0.000000000000 449733.659513919964 449733.659513919964 2403053.351262240205 2403053.351262240205 3695113.816690589767 3695113.816690589767 3695113.816690590233 3695113.816690590233 3695113.816690600011 3695113.816690590233 3695113.816690600011 3695113.816690590233 3695113.816690590233 3695113.816690579988 3695113.816690579988 3695113.816690590233 3695113.816690590233 3695113.816690600011 3695113.816690599546 3695113.816690599546 3695113.816690589767 3695113.816690589767 3695113.816690590233 3695113.816690590233 3695113.816690590233 3695113.816690590233 3695113.816690600011 3695113.816690600011 3917502.333505710121 3917502.333505710121 3917502.333505699877 3917502.333505699877 3917502.333505700342 3917502.333505700342 3917502.333505700342 3917502.333505700342 3917502.333505699877 3917502.333505699877 3917502.333505700342 3917502.333505700342 3917502.333505700342 3917502.333505690098 3917502.333505690098 3917502.333505700342 3917502.333505700342 3917502.333505710121 3917502.333505710121 3917502.333505699877 3917502.333505690098 3917502.333505690098 3917502.333505699877 3917502.333505699877 3917502.333505699877 3917502.333505699877 3917502.333505699877 3917502.333505699877 3917502.333505699877 3917502.333505690098 3917502.333505690098 3917502.333505690098 3917502.333505699877 3917502.333505699877 3917502.333505690098 3917502.333505690098 3917502.333505699877 3917502.333505699877 3917502.333505699877 3917502.333505699877 3917502.333505699877 3917502.333505699877 3917502.333505699877 3917502.333505699877 3917502.333505690098 3917502.333505690098 3917502.333505690098 3917502.333505690098 3917502.333505699877 3917502.333505690098 3917502.333505690098 3917502.333505690098 3917502.333505690098 3917502.333505690098 3917502.333505690098 3952129.779601969756 3952129.779601969756 3952129.779601969756
90 4000000.000000010245 4000000.000000010245 4000000.000000000000 4000000.000000000000 3999999.999999989755 3999999.999999989755 3999999.999999989755 2734497.603460949846 2734497.603460949846 2734497.603460949846 2734497.603460949846 1938501.560519500170 1938501.560519500170 449733.659513919964 0.000000000000 70750.182333420002 2403053.351262240205 2403053.351262240205 3695113.816690589767 3695113.816690589767 3695113.816690590233 3695113.816690590233 3695113.816690600011 3695113.816690590233 3695113.816690600011 3695113.816690590233 3695113.816690590233 3695113.816690579988 3695113.816690579988 3695113.816690590233 3695113.816690590233 3695113.816690600011 3695113.816690599546 3695113.816690599546 3695113.816690589767 3695113.816690589767 3695113.816690590233 3695113.816690590233 3695113.816690590233 3695113.816690590233 3695113.816690600011 3695113.816690600011 3917502.333505710121 3917502.333505710121 3917502.333505699877 3917502.333505699877 3917502.333505700342 3917502.333505700342 3917502.333505700342 3917502.333505700342 3917502.333505699877 3917502.333505699877 3917502.333505700342 3917502.333505700342 3917502.333505700342 3917502.333505690098 3917502.333505690098 3917502.333505700342 3917502.333505700342 3917502.333505710121 3917502.333505710121 3917502.333505699877 3917502.333505690098 3917502.333505690098 3917502.333505699877 3917502.333505699877 3917502.333505699877 3917502.333505699877 3917502.333505699877 3917502.333505699877 3917502.333505699877 3917502.333505690098 3917502.333505690098 3917502.333505690098 3917502.333505699877 3917502.333505699877 3917502.333505690098 3917502.333505690098 3917502.333505699877 3917502.333505699877 3917502.333505699877 3917502.333505699877 3917502.333505699877 3917502.333505699877 3917502.333505699877 3917502.333505699877 3917502.333505690098 3917502.333505690098 3917502.333505690098 3917502.333505690098 3917502.333505699877 3917502.333505690098 3917502.333505690098 3917502.333505690098 3917502.333505690098 3917502.333505690098 3917502.333505690098 3952129.779601969756 3952129.779601969756 3952129.779601969756
6 4000000.000000010245 4000000.000000010245 4000000.000000000000 4000000.000000000000 3999999.999999989755 3999999.999999989755 3999999.999999989755 2734497.603460949846 2734497.603460949846 2734497.603460949846 2734497.603460949846 1938501.560519500170 1938501.560519500170 449733.659513919964 70750.182333420002 0.000000000000 2403053.351262240205 2403053.351262240205 3695113.816690589767 3695113.816690589767 3695113.816690590233 3695113.816690590233 3695113.816690600011 3695113.816690590233 3695113.816690600011 3695113.816690590233 3695113.816690590233 3695113.816690579988 3695113.816690579988 3695113.816690590233 3695113.816690590233 3695113.816690600011 3695113.816690599546 3695113.816690599546 3695113.816690589767 3695113.816690589767 3695113.816690590233 3695113.816690590233 3695113.816690590233 3695113.816690590233 3695113.816690600011 3695113.816690600011 3917502.333505710121 3917502.333505710121 3917502.333505699877 3917502.333505699877 3917502.333505700342 3917502.333505700342 3917502.333505700342 3917502.333505700342 3917502.333505699877 3917502.333505699877 3917502.333505700342 3917502.333505700342 3917502.333505700342 3917502.333505690098 3917502.333505690098 3917502.333505700342 3917502.333505700342 3917502.333505710121 3917502.333505710121 3917502.333505699877 3917502.333505690098 3917502.333505690098 3917502.333505699877 3917502.333505699877 3917502.333505699877 3917502.333505699877 3917502.333505699877 3917502.333505699877 3917502.333505699877 3917502.333505690098 3917502.333505690098 3917502.333505690098 3917502.333505699877 3917502.333505699877 3917502.333505690098 3917502.333505690098 3917502.333505699877 3917502.333505699877 3917502.333505699877 3917502.333505699877 3917502.333505699877 3917502.333505699877 3917502.333505699877 3917502.333505699877 3917502.333505690098 3917502.333505690098 3917502.333505690098 3917502.333505690098 3917502.333505699877 3917502.333505690098 3917502.333505690098 3917502.333505690098 3917502.333505690098 3917502.333505690098 3917502.333505690098 3952129.779601969756 3952129.779601969756 3952129.779601969756
92 4000000.000000010245 4000000.000000010245 4000000.000000000000 4000000.000000000000 3999999.999999989755 3999999.999999989755 3999999.999999989755 2734497.603460949846 2734497.603460949846 2734497.603460949846 2734497.603460949846 2403053.351262239739 2403053.351262239739 2403053.351262240205 2403053.351262240205 2403053.351262240205 0.000000000000 2189520.231398620177 3695113.816690589767 3695113.816690589767 3695113.816690590233 3695113.816690590233 3695113.816690600011 3695113.816690590233 3695113.816690600011 3695113.816690590233 3695113.816690590233 3695113.816690579988 3695113.816690579988 3695113.816690590233 3695113.816690590233 3695113.816690600011 3695113.816690599546 3695113.816690599546 3695113.816690589767 3695113.816690589767 3695113.816690590233 3695113.816690590233 3695113.816690590233 3695113.816690590233 3695113.816690600011 3695113.816690600011 3917502.333505710121 3917502.333505710121 3917502.333505699877 3917502.333505699877 3917502.333505700342 3917502.333505700342 3917502.333505700342 3917502.333505700342 3917502.333505699877 3917502.333505699877 3917502.333505700342 3917502.333505700342 3917502.333505700342 3917502.333505690098 3917502.333505690098 3917502.333505700342 3917502.333505700342 3917502.333505710121 3917502.333505710121 3917502.333505699877 3917502.333505690098 3917502.333505690098 3917502.333505699877 3917502.333505699877 3917502.333505699877 3917502.333505699877 3917502.333505699877 3917502.333505699877 3917502.333505699877 3917502.333505690098 3917502.333505690098 3917502.333505690098 3917502.333505699877 3917502.333505699877 3917502.333505690098 3917502.333505690098 3917502.333505699877 3917502.333505699877 3917502.333505699877 3917502.333505699877 3917502.333505699877 3917502.333505699877 3917502.333505699877 3917502.333505699877 3917502.333505690098 3917502.333505690098 3917502.333505690098 3917502.333505690098 3917502.333505699877 3917502.333505690098 3917502.333505690098 3917502.333505690098 3917502.333505690098 3917502.333505690098 3917502.333505690098 3952129.779601969756 3952129.779601969756 3952129.779601969756
55 4000000.000000010245 4000000.000000010245 4000000.000000000000 4000000.000000000000 3999999.999999989755 3999999.999999989755 3999999.999999989755 2734497.603460949846 2734497.603460949846 2734497.603460949846 2734497.603460949846 2403053.351262239739 2403053.351262239739 2403053.351262240205 2403053.351262240205 2403053.351262240205 2189520.231398620177 0.000000000000 3695113.816690589767 3695113.816690589767 3695113.816690590233 3695113.816690590233 3695113.816690600011 3695113.816690590233 3695113.816690600011 3695113.816690590233 3695113.816690590233 3695113.816690579988 3695113.816690579988 3695113.816690590233 3695113.816690590233 3695113.816690600011 3695113.816690599546 3695113.816690599546 3695113.816690589767 3695113.816690589767 3695113.816690590233 3695113.816690590233 3695113.816690590233 3695113.816690590233 3695113.816690600011 3695113.816690600011 3917502.333505710121 3917502.333505710121 3917502.333505699877 3917502.333505699877 3917502.333505700342 3917502.333505700342 3917502.333505700342 3917502.333505700342 3917502.333505699877 3917502.333505699877 3917502.333505700342 3917502.333505700342 3917502.333505700342 3917502.333505690098 3917502.333505690098 3917502.333505700342 3917502.333505700342 3917502.333505710121 3917502.333505710121 3917502.333505699877 3917502.333505690098 3917502.333505690098 3917502.333505699877 3917502.333505699877 3917502.333505699877 3917502.333505699877 3917502.333505699877 3917502.333505699877 3917502.333505699877 3917502.333505690098 3917502.333505690098 3917502.333505690098 3917502.333505699877 3917502.333505699877 3917502.333505690098 3917502.333505690098 3917502.333505699877 3917502.333505699877 3917502.333505699877 3917502.333505699877 3917502.333505699877 3917502.333505699877 3917502.333505699877 3917502.333505699877 3917502.333505690098 3917502.333505690098 3917502.333505690098 3917502.333505690098 3917502.333505699877 3917502.333505690098 3917502.333505690098 3917502.333505690098 3917502.333505690098 3917502.333505690098 3917502.333505690098 3952129.779601969756 3952129.779601969756 3952129.779601969756
40 4000000.000000019558 4000000.000000019558 4000000.000000009313 4000000.000000009779 4000000.000000000000 4000000.000000000000 4000000.000000000000 3695113.816690599546 3695113.816690599546 3695113.816690599546 3695113.816690599546 3695113.816690589301 3695113.816690589301 3695113.816690589767 3695113.816690589767 3695113.816690589767 3695113.816690589767 3695113.816690589767 0.000000000000 142642.775479659991 1651921.114614040125 1651921.114614040125 1651921.114614049904 1708761.205203880090 3265506.637514989823 3265506.637514979579 3265506.637514979579 3265506.637514969800 3265506.637514969800 3265506.637514979579 3265506.637514979579 3265506.637514989823 3265506.637514989823 3265506.637514989823 3265506.637514979579 3265506.637514979579 3265506.637514979579 3265506.637514979579 3265506.637514979579 3265506.637514979579 3265506.637514989823 3265506.637514989823 3917502.333505719900 3917502.333505719900 3917502.333505709656 3917502.333505709656 3917502.333505709656 3917502.333505709656 3917502.333505709656 3917502.333505709656 3917502.333505709656 3917502.333505709656 3917502.333505709656 3917502.333505709656 3917502.333505709656 3917502.333505699877 3917502.333505699877 3917502.333505709656 3917502.333505709656 3917502.333505719900 3917502.333505719900 3917502.333505709656 3917502.333505699411 3917502.333505699411 3917502.333505709656 3917502.333505709656 3917502.333505709656 3917502.333505709656 3917502.333505709656 3917502.333505709656 3917502.333505709656 3917502.333505699411 3917502.333505699411 3917502.333505699411 3917502.333505709656 3917502.333505709656 3917502.333505699411 3917502.333505699411 3917502.333505709656 3917502.333505709656 3917502.333505709656 3917502.333505709656 3917502.333505709656 3917502.333505709656 3917502.333505709656 3917502.333505709656 3917502.333505699877 3917502.333505699877 3917502.333505699411 3917502.333505699411 3917502.333505709656 3917502.333505699877 3917502.333505699411 3917502.333505699411 3917502.333505699411 3917502.333505699877 3917502.333505699877 3952129.779601980001 3952129.779601980001 3952129.779601980001
