100
100 0.000000000000 4000000.000000000000 4000000.000000000000 4000000.000000000000 4000000.000000020023 4000000.000000020023 4000000.000000009779 4000000.000000009779 4000000.000000009779 4000000.000000009779 4000000.000000009779 4000000.000000009779 4000000.000000000000 4000000.000000000000 4000000.000000000000 4000000.000000000000 4000000.000000009779 4000000.000000009779 4000000.000000000000 4000000.000000000000 4000000.000000000000 4000000.000000000000 4000000.000000009779 4000000.000000020023 4000000.000000020023 4000000.000000020023 4000000.000000020023 4000000.000000009779 4000000.000000009779 4000000.000000009779 4000000.000000009779 4000000.000000000000 4000000.000000000000 3999999.999999989755 3999999.999999989755 3999999.999999989755 4000000.000000000000 4000000.000000000000 4000000.000000000000 4000000.000000000000 4000000.000000000000 4000000.000000009779 4000000.000000009779 4000000.000000009779 4000000.000000009779 4000000.000000000000 4000000.000000000000 4000000.000000000000 3999999.999999989755 3999999.999999989755 3999999.999999989755 3999999.999999989755 3999999.999999989755 3999999.999999999534 3999999.999999999534 3999999.999999999534 3999999.999999999534 3999999.999999999534 3999999.999999999534 3999999.999999999534 3999999.999999989755 3999999.999999989755 3999999.999999979511 3999999.999999979511 3999999.999999989755 3999999.999999979511 3999999.999999979511 3999999.999999979511 3999999.999999979511 3999999.999999979511 3999999.999999979511 3999999.999999989755 4000000.000000000000 4000000.000000000000 4000000.000000000000 3999999.999999989755 4000000.000000000000 4000000.000000000000 4000000.000000000000 4000000.000000000000 4000000.000000000000 4000000.000000000000 4000000.000000000000 4000000.000000000000 4000000.000000000000 4000000.000000000000 4000000.000000000000 4000000.000000000000 4000000.000000000000 4000000.000000000000 4000000.000000000000 4000000.000000000000 4000000.000000000000 4000000.000000010245 4000000.000000010245 4000000.000000000000 4000000.000000000000 4000000.000000000000 4000000.000000000000 4000000.000000000000
78 4000000.000000000000 0.000000000000 172311.675804180006 3168380.932684300467 3168380.932684320025 3168380.932684320025 3168380.932684309781 3168380.932684309781 3168380.932684309781 3168380.932684309781 3168380.932684309781 3168380.932684309781 3168380.932684300002 3168380.932684300002 3523956.527534979861 3523956.527534979861 3523956.527534989640 3523956.527534989640 3523956.527534979861 3523956.527534979861 3523956.527534979861 3523956.527534979861 3523956.527534989640 3523956.527534999885 3523956.527534999885 3523956.527534999885 3523956.527534999885 3523956.527534989640 3523956.527534989640 3523956.527534989640 3523956.527534989640 3523956.527534979861 3523956.527534979861 3848133.292713509873 3848133.292713509873 3848133.292713509873 3848133.292713520117 3848133.292713520117 3848133.292713520117 3848133.292713520117 3848133.292713520117 3848133.292713529896 3848133.292713529896 3848133.292713529896 3848133.292713529896 3848133.292713520117 3848133.292713520117 3848133.292713520117 3848133.292713509873 3848133.292713509873 3848133.292713509873 3848133.292713509873 3848133.292713509873 3848133.292713519651 3848133.292713519651 3848133.292713519651 3848133.292713519651 3848133.292713519651 3848133.292713519651 3848133.292713519651 3848133.292713509873 3848133.292713509873 3848133.292713499628 3848133.292713499628 3848133.292713509873 3848133.292713499628 3848133.292713499628 3848133.292713499628 3848133.292713499628 3848133.292713499628 3848133.292713499628 3848133.292713509873 3848133.292713520117 3848133.292713520117 3848133.292713520117 3848133.292713509873 3848133.292713520117 3848133.292713520117 3848133.292713520117 3848133.292713520117 3848133.292713520117 3848133.292713520117 3848133.292713520117 3848133.292713520117 3848133.292713520117 3848133.292713520117 3848133.292713520117 3848133.292713520117 3848133.292713520117 3848133.292713520117 3848133.292713520117 3848133.292713520117 3848133.292713520117 3848133.292713530362 3848133.292713530362 3848133.292713520117 3848133.292713520117 3848133.292713520117 3848133.292713520117 3848133.292713520117
97 4000000.000000000000 172311.675804180006 0.000000000000 3168380.932684300467 3168380.932684320025 3168380.932684320025 3168380.932684309781 3168380.932684309781 3168380.932684309781 3168380.932684309781 3168380.932684309781 3168380.932684309781 3168380.932684300002 3168380.932684300002 3523956.527534979861 3523956.527534979861 3523956.527534989640 3523956.527534989640 3523956.527534979861 3523956.527534979861 3523956.527534979861 3523956.527534979861 3523956.527534989640 3523956.527534999885 3523956.527534999885 3523956.527534999885 3523956.527534999885 3523956.527534989640 3523956.527534989640 3523956.527534989640 3523956.527534989640 3523956.527534979861 3523956.527534979861 3848133.292713509873 3848133.292713509873 3848133.292713509873 3848133.292713520117 3848133.292713520117 3848133.292713520117 3848133.292713520117 3848133.292713520117 3848133.292713529896 3848133.292713529896 3848133.292713529896 3848133.292713529896 3848133.292713520117 3848133.292713520117 3848133.292713520117 3848133.292713509873 3848133.292713509873 3848133.292713509873 3848133.292713509873 3848133.292713509873 3848133.292713519651 3848133.292713519651 3848133.292713519651 3848133.292713519651 3848133.292713519651 3848133.292713519651 3848133.292713519651 3848133.292713509873 3848133.292713509873 3848133.292713499628 3848133.292713499628 3848133.292713509873 3848133.292713499628 3848133.292713499628 3848133.292713499628 3848133.292713499628 3848133.292713499628 3848133.292713499628 3848133.292713509873 3848133.292713520117 3848133.292713520117 3848133.292713520117 3848133.292713509873 3848133.292713520117 3848133.292713520117 3848133.292713520117 3848133.292713520117 3848133.292713520117 3848133.292713520117 3848133.292713520117 3848133.292713520117 3848133.292713520117 3848133.292713520117 3848133.292713520117 3848133.292713520117 3848133.292713520117 3848133.292713520117 3848133.292713520117 3848133.292713520117 3848133.292713520117 3848133.292713530362 3848133.292713530362 3848133.292713520117 3848133.292713520117 3848133.292713520117 3848133.292713520117 3848133.292713520117
75 4000000.000000000000 3168380.932684300467 3168380.932684300467 0.000000000000 1857055.093952179886 1857055.093952179886 1857055.093952170108 1857055.093952170108 1857055.093952170108 1857055.093952170108 2256174.552468290087 2256174.552468290087 2961561.539978080429 2961561.539978080429 3523956.527534980327 3523956.527534980327 3523956.527534990106 3523956.527534990106 3523956.527534980327 3523956.527534980327 3523956.527534980327 3523956.527534980327 3523956.527534989640 3523956.527534999885 3523956.527534999885 3523956.527534999885 3523956.527534999885 3523956.527534989640 3523956.527534989640 3523956.527534989640 3523956.527534990106 3523956.527534980327 3523956.527534980327 3848133.292713509873 3848133.292713509873 3848133.292713509873 3848133.292713520117 3848133.292713520117 3848133.292713520117 3848133.292713520117 3848133.292713520117 3848133.292713529896 3848133.292713529896 3848133.292713529896 3848133.292713529896 3848133.292713520117 3848133.292713520117 3848133.292713520117 3848133.292713509873 3848133.292713509873 3848133.292713509873 3848133.292713509873 3848133.292713509873 3848133.292713519651 3848133.292713519651 3848133.292713519651 3848133.292713519651 3848133.292713519651 3848133.292713519651 3848133.292713519651 3848133.292713509873 3848133.292713509873 3848133.292713499628 3848133.292713499628 3848133.292713509873 3848133.292713499628 3848133.292713499628 3848133.292713499628 3848133.292713499628 3848133.292713499628 3848133.292713499628 3848133.292713509873 3848133.292713520117 3848133.292713520117 3848133.292713520117 3848133.292713509873 3848133.292713520117 3848133.292713520117 3848133.292713520117 3848133.292713520117 3848133.292713520117 3848133.292713520117 3848133.292713520117 3848133.292713520117 3848133.292713520117 3848133.292713520117 3848133.292713520117 3848133.292713520117 3848133.292713520117 3848133.292713520117 3848133.292713520117 3848133.292713520117 3848133.292713520117 3848133.292713530362 3848133.292713530362 3848133.292713520117 3848133.292713520117 3848133.292713520117 3848133.292713520117 3848133.292713520117
7 4000000.000000020023 3168380.932684320025 3168380.932684320025 1857055.093952179886 0.000000000000 871351.096803979948 1002804.505941649899 1295765.540472370107 1370464.937324689934 1370464.937324689934 2256174.552468310110 2256174.552468310110 2961561.539978099987 2961561.539978099987 3523956.527534999885 3523956.527534999885 3523956.527535010129 3523956.527535010129 3523956.527534999885 3523956.527534999885 3523956.527534999885 3523956.527534999885 3523956.527535009664 3523956.527535019908 3523956.527535019908 3523956.527535019908 3523956.527535019908 3523956.527535009664 3523956.527535009664 3523956.527535009664 3523956.527535010129 3523956.527534999885 3523956.527534999885 3848133.292713529896 3848133.292713529896 3848133.292713529896 3848133.292713539675 3848133.292713539675 3848133.292713539675 3848133.292713539675 3848133.292713539675 3848133.292713549919 3848133.292713549919 3848133.292713549919 3848133.292713549919 3848133.292713539675 3848133.292713539675 3848133.292713539675 3848133.292713529896 3848133.292713529896 3848133.292713529896 3848133.292713529896 3848133.292713529896 3848133.292713539675 3848133.292713539675 3848133.292713539675 3848133.292713539675 3848133.292713539675 3848133.292713539675 3848133.292713539675 3848133.292713529430 3848133.292713529896 3848133.292713519651 3848133.292713519651 3848133.292713529430 3848133.292713519651 3848133.292713519651 3848133.292713519651 3848133.292713519651 3848133.292713519651 3848133.292713519651 3848133.292713529896 3848133.292713539675 3848133.292713539675 3848133.292713539675 3848133.292713529430 3848133.292713540141 3848133.292713540141 3848133.292713540141 3848133.292713540141 3848133.292713540141 3848133.292713540141 3848133.292713540141 3848133.292713540141 3848133.292713540141 3848133.292713540141 3848133.292713540141 3848133.292713540141 3848133.292713540141 3848133.292713540141 3848133.292713540141 3848133.292713540141 3848133.292713539675 3848133.292713549919 3848133.292713549919 3848133.292713540141 3848133.292713540141 3848133.292713539675 3848133.292713539675 3848133.292713539675
85 4000000.000000020023 3168380.932684320025 3168380.932684320025 1857055.093952179886 871351.096803979948 0.000000000000 1002804.505941649899 1295765.540472370107 1370464.937324689934 1370464.937324689934 2256174.552468310110 2256174.552468310110 2961561.539978099987 2961561.539978099987 3523956.527534999885 3523956.527534999885 3523956.527535010129 3523956.527535010129 3523956.527534999885 3523956.527534999885 3523956.527534999885 3523956.527534999885 3523956.527535009664 3523956.527535019908 3523956.527535019908 3523956.527535019908 3523956.527535019908 3523956.527535009664 3523956.527535009664 3523956.527535009664 3523956.527535010129 3523956.527534999885 3523956.527534999885 3848133.292713529896 3848133.292713529896 3848133.292713529896 3848133.292713539675 3848133.292713539675 3848133.292713539675 3848133.292713539675 3848133.292713539675 3848133.292713549919 3848133.292713549919 3848133.292713549919 3848133.292713549919 3848133.292713539675 3848133.292713539675 3848133.292713539675 3848133.292713529896 3848133.292713529896 3848133.292713529896 3848133.292713529896 3848133.292713529896 3848133.292713539675 3848133.292713539675 3848133.292713539675 3848133.292713539675 3848133.292713539675 3848133.292713539675 3848133.292713539675 3848133.292713529430 3848133.292713529896 3848133.292713519651 3848133.292713519651 3848133.292713529430 3848133.292713519651 3848133.292713519651 3848133.292713519651 3848133.292713519651 3848133.292713519651 3848133.292713519651 3848133.292713529896 3848133.292713539675 3848133.292713539675 3848133.292713539675 3848133.292713529430 3848133.292713540141 3848133.292713540141 3848133.292713540141 3848133.292713540141 3848133.292713540141 3848133.292713540141 3848133.292713540141 3848133.292713540141 3848133.292713540141 3848133.292713540141 3848133.292713540141 3848133.292713540141 3848133.292713540141 3848133.292713540141 3848133.292713540141 3848133.292713540141 3848133.292713539675 3848133.292713549919 3848133.292713549919 3848133.292713540141 3848133.292713540141 3848133.292713539675 3848133.292713539675 3848133.292713539675
86 4000000.000000009779 3168380.932684309781 3168380.932684309781 1857055.093952170108 1002804.505941649899 1002804.505941649899 0.000000000000 1295765.540472359862 1370464.937324679922 1370464.937324679922 2256174.552468299866 2256174.552468299866 2961561.539978089742 2961561.539978089742 3523956.527534989640 3523956.527534989640 3523956.527534999885 3523956.527534999885 3523956.527534989640 3523956.527534989640 3523956.527534989640 3523956.527534989640 3523956.527534999885 3523956.527535010129 3523956.527535010129 3523956.527535010129 3523956.527535010129 3523956.527534999885 3523956.527534999885 3523956.527534999885 3523956.527534999885 3523956.527534989640 3523956.527534989640 3848133.292713519651 3848133.292713519651 3848133.292713519651 3848133.292713529430 3848133.292713529430 3848133.292713529430 3848133.292713529430 3848133.292713529430 3848133.292713539675 3848133.292713539675 3848133.292713539675 3848133.292713539675 3848133.292713529430 3848133.292713529430 3848133.292713529430 3848133.292713519651 3848133.292713519651 3848133.292713519651 3848133.292713519651 3848133.292713519651 3848133.292713529430 3848133.292713529430 3848133.292713529430 3848133.292713529430 3848133.292713529430 3848133.292713529430 3848133.292713529430 3848133.292713519186 3848133.292713519651 3848133.292713509407 3848133.292713509407 3848133.292713519186 3848133.292713509407 3848133.292713509407 3848133.292713509407 3848133.292713509407 3848133.292713509407 3848133.292713509407 3848133.292713519651 3848133.292713529430 3848133.292713529430 3848133.292713529430 3848133.292713519186 3848133.292713529896 3848133.292713529896 3848133.292713529896 3848133.292713529896 3848133.292713529896 3848133.292713529896 3848133.292713529896 3848133.292713529896 3848133.292713529896 3848133.292713529896 3848133.292713529896 3848133.292713529896 3848133.292713529896 3848133.292713529896 3848133.292713529896 3848133.292713529896 3848133.292713529430 3848133.292713539675 3848133.292713539675 3848133.292713529896 3848133.292713529896 3848133.292713529430 3848133.292713529430 3848133.292713529430
94 4000000.000000009779 3168380.932684309781 3168380.932684309781 1857055.093952170108 1295765.540472370107 1295765.540472370107 1295765.540472359862 0.000000000000 1370464.937324679922 1370464.937324679922 2256174.552468299866 2256174.552468299866 2961561.539978089742 2961561.539978089742 3523956.527534989640 3523956.527534989640 3523956.527534999885 3523956.527534999885 3523956.527534989640 3523956.527534989640 3523956.527534989640 3523956.527534989640 3523956.527534999885 3523956.527535010129 3523956.527535010129 3523956.527535010129 3523956.527535010129 3523956.527534999885 3523956.527534999885 3523956.527534999885 3523956.527534999885 3523956.527534989640 3523956.527534989640 3848133.292713519651 3848133.292713519651 3848133.292713519651 3848133.292713529430 3848133.292713529430 3848133.292713529430 3848133.292713529430 3848133.292713529430 3848133.292713539675 3848133.292713539675 3848133.292713539675 3848133.292713539675 3848133.292713529430 3848133.292713529430 3848133.292713529430 3848133.292713519651 3848133.292713519651 3848133.292713519651 3848133.292713519651 3848133.292713519651 3848133.292713529430 3848133.292713529430 3848133.292713529430 3848133.292713529430 3848133.292713529430 3848133.292713529430 3848133.292713529430 3848133.292713519186 3848133.292713519651 3848133.292713509407 3848133.292713509407 3848133.292713519186 3848133.292713509407 3848133.292713509407 3848133.292713509407 3848133.292713509407 3848133.292713509407 3848133.292713509407 3848133.292713519651 3848133.292713529430 3848133.292713529430 3848133.292713529430 3848133.292713519186 3848133.292713529896 3848133.292713529896 3848133.292713529896 3848133.292713529896 3848133.292713529896 3848133.292713529896 3848133.292713529896 3848133.292713529896 3848133.292713529896 3848133.292713529896 3848133.292713529896 3848133.292713529896 3848133.292713529896 3848133.292713529896 3848133.292713529896 3848133.292713529896 3848133.292713529430 3848133.292713539675 3848133.292713539675 3848133.292713529896 3848133.292713529896 3848133.292713529430 3848133.292713529430 3848133.292713529430
55 4000000.000000009779 3168380.932684309781 3168380.932684309781 1857055.093952170108 1370464.937324689934 1370464.937324689934 1370464.937324679922 1370464.937324679922 0.000000000000 1009300.166421659989 2256174.552468299866 2256174.552468299866 2961561.539978089742 2961561.539978089742 3523956.527534989640 3523956.527534989640 3523956.527534999885 3523956.527534999885 3523956.527534989640 3523956.527534989640 3523956.527534989640 3523956.527534989640 3523956.527534999885 3523956.527535010129 3523956.527535010129 3523956.527535010129 3523956.527535010129 3523956.527534999885 3523956.527534999885 3523956.527534999885 3523956.527534999885 3523956.527534989640 3523956.527534989640 3848133.292713519651 3848133.292713519651 3848133.292713519651 3848133.292713529430 3848133.292713529430 3848133.292713529430 3848133.292713529430 3848133.292713529430 3848133.292713539675 3848133.292713539675 3848133.292713539675 3848133.292713539675 3848133.292713529430 3848133.292713529430 3848133.292713529430 3848133.292713519651 3848133.292713519651 3848133.292713519651 3848133.292713519651 3848133.292713519651 3848133.292713529430 3848133.292713529430 3848133.292713529430 3848133.292713529430 3848133.292713529430 3848133.292713529430 3848133.292713529430 3848133.292713519186 3848133.292713519651 3848133.292713509407 3848133.292713509407 3848133.292713519186 3848133.292713509407 3848133.292713509407 3848133.292713509407 3848133.292713509407 3848133.292713509407 3848133.292713509407 3848133.292713519651 3848133.292713529430 3848133.292713529430 3848133.292713529430 3848133.292713519186 3848133.292713529896 3848133.292713529896 3848133.292713529896 3848133.292713529896 3848133.292713529896 3848133.292713529896 3848133.292713529896 3848133.292713529896 3848133.292713529896 3848133.292713529896 3848133.292713529896 3848133.292713529896 3848133.292713529896 3848133.292713529896 3848133.292713529896 3848133.292713529896 3848133.292713529430 3848133.292713539675 3848133.292713539675 3848133.292713529896 3848133.292713529896 3848133.292713529430 3848133.292713529430 3848133.292713529430
4 4000000.000000009779 3168380.932684309781 3168380.932684309781 1857055.093952170108 1370464.937324689934 1370464.937324689934 1370464.937324679922 1370464.937324679922 1009300.166421659989 0.000000000000 2256174.552468299866 2256174.552468299866 2961561.539978089742 2961561.539978089742 3523956.527534989640 3523956.527534989640 3523956.527534999885 3523956.527534999885 3523956.527534989640 3523956.527534989640 3523956.527534989640 3523956.527534989640 3523956.527534999885 3523956.527535010129 3523956.527535010129 3523956.527535010129 3523956.527535010129 3523956.527534999885 3523956.527534999885 3523956.527534999885 3523956.527534999885 3523956.527534989640 3523956.527534989640 3848133.292713519651 3848133.292713519651 3848133.292713519651 3848133.292713529430 3848133.292713529430 3848133.292713529430 3848133.292713529430 3848133.292713529430 3848133.292713539675 3848133.292713539675 3848133.292713539675 3848133.292713539675 3848133.292713529430 3848133.292713529430 3848133.292713529430 3848133.292713519651 3848133.292713519651 3848133.292713519651 3848133.292713519651 3848133.292713519651 3848133.292713529430 3848133.292713529430 3848133.292713529430 3848133.292713529430 3848133.292713529430 3848133.292713529430 3848133.292713529430 3848133.292713519186 3848133.292713519651 3848133.292713509407 3848133.292713509407 3848133.292713519186 3848133.292713509407 3848133.292713509407 3848133.292713509407 3848133.292713509407 3848133.292713509407 3848133.292713509407 3848133.292713519651 3848133.292713529430 3848133.292713529430 3848133.292713529430 3848133.292713519186 3848133.292713529896 3848133.292713529896 3848133.292713529896 3848133.292713529896 3848133.292713529896 3848133.292713529896 3848133.292713529896 3848133.292713529896 3848133.292713529896 3848133.292713529896 3848133.292713529896 3848133.292713529896 3848133.292713529896 3848133.292713529896 3848133.292713529896 3848133.292713529896 3848133.292713529430 3848133.292713539675 3848133.292713539675 3848133.292713529896 3848133.292713529896 3848133.292713529430 3848133.292713529430 3848133.292713529430
47 4000000.000000009779 3168380.932684309781 3168380.932684309781 2256174.552468290087 2256174.552468310110 2256174.552468310110 2256174.552468299866 2256174.552468299866 2256174.552468299866 2256174.552468299866 0.000000000000 182902.594444819988 2961561.539978089742 2961561.539978089742 3523956.527534989640 3523956.527534989640 3523956.527534999885 3523956.527534999885 3523956.527534989640 3523956.527534989640 3523956.527534989640 3523956.527534989640 3523956.527534999885 3523956.527535010129 3523956.527535010129 3523956.527535010129 3523956.527535010129 3523956.527534999885 3523956.527534999885 3523956.527534999885 3523956.527534999885 3523956.527534989640 3523956.527534989640 3848133.292713519651 3848133.292713519651 3848133.292713519651 3848133.292713529430 3848133.292713529430 3848133.292713529430 3848133.292713529430 3848133.292713529430 3848133.292713539675 3848133.292713539675 3848133.292713539675 3848133.292713539675 3848133.292713529430 3848133.292713529430 3848133.292713529430 3848133.292713519651 3848133.292713519651 3848133.292713519651 3848133.292713519651 3848133.292713519651 3848133.292713529430 3848133.292713529430 3848133.292713529430 3848133.292713529430 3848133.292713529430 3848133.292713529430 3848133.292713529430 3848133.292713519186 3848133.292713519651 3848133.292713509407 3848133.292713509407 3848133.292713519186 3848133.292713509407 3848133.292713509407 3848133.292713509407 3848133.292713509407 3848133.292713509407 3848133.292713509407 3848133.292713519651 3848133.292713529430 3848133.292713529430 3848133.292713529430 3848133.292713519186 3848133.292713529896 3848133.292713529896 3848133.292713529896 3848133.292713529896 3848133.292713529896 3848133.292713529896 3848133.292713529896 3848133.292713529896 3848133.292713529896 3848133.292713529896 3848133.292713529896 3848133.292713529896 3848133.292713529896 3848133.292713529896 3848133.292713529896 3848133.292713529896 3848133.292713529430 3848133.292713539675 3848133.292713539675 3848133.292713529896 3848133.292713529896 3848133.292713529430 3848133.292713529430 3848133.292713529430
62 4000000.000000009779 3168380.932684309781 3168380.932684309781 2256174.552468290087 2256174.552468310110 2256174.552468310110 2256174.552468299866 2256174.552468299866 2256174.552468299866 2256174.552468299866 182902.594444819988 0.000000000000 2961561.539978089742 2961561.539978089742 3523956.527534989640 3523956.527534989640 3523956.527534999885 3523956.527534999885 3523956.527534989640 3523956.527534989640 3523956.527534989640 3523956.527534989640 3523956.527534999885 3523956.527535010129 3523956.527535010129 3523956.527535010129 3523956.527535010129 3523956.527534999885 3523956.527534999885 3523956.527534999885 3523956.527534999885 3523956.527534989640 3523956.527534989640 3848133.292713519651 3848133.292713519651 3848133.292713519651 3848133.292713529430 3848133.292713529430 3848133.292713529430 3848133.292713529430 3848133.292713529430 3848133.292713539675 3848133.292713539675 3848133.292713539675 3848133.292713539675 3848133.292713529430 3848133.292713529430 3848133.292713529430 3848133.292713519651 3848133.292713519651 3848133.292713519651 3848133.292713519651 3848133.292713519651 3848133.292713529430 3848133.292713529430 3848133.292713529430 3848133.292713529430 3848133.292713529430 3848133.292713529430 3848133.292713529430 3848133.292713519186 3848133.292713519651 3848133.292713509407 3848133.292713509407 3848133.292713519186 3848133.292713509407 3848133.292713509407 3848133.292713509407 3848133.292713509407 3848133.292713509407 3848133.292713509407 3848133.292713519651 3848133.292713529430 3848133.292713529430 3848133.292713529430 3848133.292713519186 3848133.292713529896 3848133.292713529896 3848133.292713529896 3848133.292713529896 3848133.292713529896 3848133.292713529896 3848133.292713529896 3848133.292713529896 3848133.292713529896 3848133.292713529896 3848133.292713529896 3848133.292713529896 3848133.292713529896 3848133.292713529896 3848133.292713529896 3848133.292713529896 3848133.292713529430 3848133.292713539675 3848133.292713539675 3848133.292713529896 3848133.292713529896 3848133.292713529430 3848133.292713529430 3848133.292713529430
39 4000000.000000000000 3168380.932684300002 3168380.932684300002 2961561.539978080429 2961561.539978099987 2961561.539978099987 2961561.539978089742 2961561.539978089742 2961561.539978089742 2961561.539978089742 2961561.539978089742 2961561.539978089742 0.000000000000 2915045.556125919800 3523956.527534979861 3523956.527534979861 3523956.527534989640 3523956.527534989640 3523956.527534979861 3523956.527534979861 3523956.527534979861 3523956.527534979861 3523956.527534989640 3523956.527534999885 3523956.527534999885 3523956.527534999885 3523956.527534999885 3523956.527534989640 3523956.527534989640 3523956.527534989640 3523956.527534989640 3523956.527534979861 3523956.527534979861 3848133.292713509873 3848133.292713509873 3848133.292713509873 3848133.292713520117 3848133.292713520117 3848133.292713520117 3848133.292713520117 3848133.292713520117 3848133.292713529896 3848133.292713529896 3848133.292713529896 3848133.292713529896 3848133.292713520117 3848133.292713520117 3848133.292713520117 3848133.292713509873 3848133.292713509873 3848133.292713509873 3848133.292713509873 3848133.292713509873 3848133.292713519651 3848133.292713519651 3848133.292713519651 3848133.292713519651 3848133.292713519651 3848133.292713519651 3848133.292713519651 3848133.292713509873 3848133.292713509873 3848133.292713499628 3848133.292713499628 3848133.292713509873 3848133.292713499628 3848133.292713499628 3848133.292713499628 3848133.292713499628 3848133.292713499628 3848133.292713499628 3848133.292713509873 3848133.292713520117 3848133.292713520117 3848133.292713520117 3848133.292713509873 3848133.292713520117 3848133.292713520117 3848133.292713520117 3848133.292713520117 3848133.292713520117 3848133.292713520117 3848133.292713520117 3848133.292713520117 3848133.292713520117 3848133.292713520117 3848133.292713520117 3848133.292713520117 3848133.292713520117 3848133.292713520117 3848133.292713520117 3848133.292713520117 3848133.292713520117 3848133.292713530362 3848133.292713530362 3848133.292713520117 3848133.292713520117 3848133.292713520117 3848133.292713520117 3848133.292713520117
73 4000000.000000000000 3168380.932684300002 3168380.932684300002 2961561.539978080429 2961561.539978099987 2961561.539978099987 2961561.539978089742 2961561.539978089742 2961561.539978089742 2961561.539978089742 2961561.539978089742 2961561.539978089742 2915045.556125919800 0.000000000000 3523956.527534979861 3523956.527534979861 3523956.527534989640 3523956.527534989640 3523956.527534979861 3523956.527534979861 3523956.527534979861 3523956.527534979861 3523956.527534989640 3523956.527534999885 3523956.527534999885 3523956.527534999885 3523956.527534999885 3523956.527534989640 3523956.527534989640 3523956.527534989640 3523956.527534989640 3523956.527534979861 3523956.527534979861 3848133.292713509873 3848133.292713509873 3848133.292713509873 3848133.292713520117 3848133.292713520117 3848133.292713520117 3848133.292713520117 3848133.292713520117 3848133.292713529896 3848133.292713529896 3848133.292713529896 3848133.292713529896 3848133.292713520117 3848133.292713520117 3848133.292713520117 3848133.292713509873 3848133.292713509873 3848133.292713509873 3848133.292713509873 3848133.292713509873 3848133.292713519651 3848133.292713519651 3848133.292713519651 3848133.292713519651 3848133.292713519651 3848133.292713519651 3848133.292713519651 3848133.292713509873 3848133.292713509873 3848133.292713499628 3848133.292713499628 3848133.292713509873 3848133.292713499628 3848133.292713499628 3848133.292713499628 3848133.292713499628 3848133.292713499628 3848133.292713499628 3848133.292713509873 3848133.292713520117 3848133.292713520117 3848133.292713520117 3848133.292713509873 3848133.292713520117 3848133.292713520117 3848133.292713520117 3848133.292713520117 3848133.292713520117 3848133.292713520117 3848133.292713520117 3848133.292713520117 3848133.292713520117 3848133.292713520117 3848133.292713520117 3848133.292713520117 3848133.292713520117 3848133.292713520117 3848133.292713520117 3848133.292713520117 3848133.292713520117 3848133.292713530362 3848133.292713530362 3848133.292713520117 3848133.292713520117 3848133.292713520117 3848133.292713520117 3848133.292713520117
71 4000000.000000000000 3523956.527534979861 3523956.527534979861 3523956.527534980327 3523956.527534999885 3523956.527534999885 3523956.527534989640 3523956.527534989640 3523956.527534989640 3523956.527534989640 3523956.527534989640 3523956.527534989640 3523956.527534979861 3523956.527534979861 0.000000000000 3286506.349958099891 3381204.980359969661 3381204.980359969661 3381204.980359959882 3381204.980359959882 3381204.980359959882 3381204.980359959882 3381204.980359969661 3381204.980359979905 3381204.980359979905 3381204.980359979905 3381204.980359979905 3381204.980359969661 3381204.980359969661 3381204.980359969661 3381204.980359969661 3381204.980359959882 3381204.980359959882 3848133.292713509873 3848133.292713509873 3848133.292713509873 3848133.292713520117 3848133.292713520117 3848133.292713520117 3848133.292713520117 3848133.292713520117 3848133.292713529896 3848133.292713529896 3848133.292713529896 3848133.292713529896 3848133.292713520117 3848133.292713520117 3848133.292713520117 3848133.292713509873 3848133.292713509873 3848133.292713509873 3848133.292713509873 3848133.292713509873 3848133.292713519651 3848133.292713519651 3848133.292713519651 3848133.292713519651 3848133.292713519651 3848133.292713519651 3848133.292713519651 3848133.292713509873 3848133.292713509873 3848133.292713499628 3848133.292713499628 3848133.292713509873 3848133.292713499628 3848133.292713499628 3848133.292713499628 3848133.292713499628 3848133.292713499628 3848133.292713499628 3848133.292713509873 3848133.292713520117 3848133.292713520117 3848133.292713520117 3848133.292713509873 3848133.292713520117 3848133.292713520117 3848133.292713520117 3848133.292713520117 3848133.292713520117 3848133.292713520117 3848133.292713520117 3848133.292713520117 3848133.292713520117 3848133.292713520117 3848133.292713520117 3848133.292713520117 3848133.292713520117 3848133.292713520117 3848133.292713520117 3848133.292713520117 3848133.292713520117 3848133.292713530362 3848133.292713530362 3848133.292713520117 3848133.292713520117 3848133.292713520117 3848133.292713520117 3848133.292713520117
19 4000000.000000000000 3523956.527534979861 3523956.527534979861 3523956.527534980327 3523956.527534999885 3523956.527534999885 3523956.527534989640 3523956.527534989640 3523956.527534989640 3523956.527534989640 3523956.527534989640 3523956.527534989640 3523956.527534979861 3523956.527534979861 3286506.349958099891 0.000000000000 3381204.980359969661 3381204.980359969661 3381204.980359959882 3381204.980359959882 3381204.980359959882 3381204.980359959882 3381204.980359969661 3381204.980359979905 3381204.980359979905 3381204.980359979905 3381204.980359979905 3381204.980359969661 3381204.980359969661 3381204.980359969661 3381204.980359969661 3381204.980359959882 3381204.980359959882 3848133.292713509873 3848133.292713509873 3848133.292713509873 3848133.292713520117 3848133.292713520117 3848133.292713520117 3848133.292713520117 3848133.292713520117 3848133.292713529896 3848133.292713529896 3848133.292713529896 3848133.292713529896 3848133.292713520117 3848133.292713520117 3848133.292713520117 3848133.292713509873 3848133.292713509873 3848133.292713509873 3848133.292713509873 3848133.292713509873 3848133.292713519651 3848133.292713519651 3848133.292713519651 3848133.292713519651 3848133.292713519651 3848133.292713519651 3848133.292713519651 3848133.292713509873 3848133.292713509873 3848133.292713499628 3848133.292713499628 3848133.292713509873 3848133.292713499628 3848133.292713499628 3848133.292713499628 3848133.292713499628 3848133.292713499628 3848133.292713499628 3848133.292713509873 3848133.292713520117 3848133.292713520117 3848133.292713520117 3848133.292713509873 3848133.292713520117 3848133.292713520117 3848133.292713520117 3848133.292713520117 3848133.292713520117 3848133.292713520117 3848133.292713520117 3848133.292713520117 3848133.292713520117 3848133.292713520117 3848133.292713520117 3848133.292713520117 3848133.292713520117 3848133.292713520117 3848133.292713520117 3848133.292713520117 3848133.292713520117 3848133.292713530362 3848133.292713530362 3848133.292713520117 3848133.292713520117 3848133.292713520117 3848133.292713520117 3848133.292713520117
89 4000000.000000009779 3523956.527534989640 3523956.527534989640 3523956.527534990106 3523956.527535010129 3523956.527535010129 3523956.527534999885 3523956.527534999885 3523956.527534999885 3523956.527534999885 3523956.527534999885 3523956.527534999885 3523956.527534989640 3523956.527534989640 3381204.980359969661 3381204.980359969661 0.000000000000 481815.686729440000 1930648.315023350064 1930648.315023350064 1930648.315023350064 1930648.315023350064 3357116.772185799666 3357116.772185809910 3357116.772185809910 3357116.772185809910 3357116.772185809910 3357116.772185799666 3357116.772185799666 3357116.772185799666 3357116.772185800131 3357116.772185790353 3357116.772185790353 3848133.292713519651 3848133.292713519651 3848133.292713519651 3848133.292713529430 3848133.292713529430 3848133.292713529430 3848133.292713529430 3848133.292713529430 3848133.292713539675 3848133.292713539675 3848133.292713539675 3848133.292713539675 3848133.292713529430 3848133.292713529430 3848133.292713529430 3848133.292713519651 3848133.292713519651 3848133.292713519651 3848133.292713519651 3848133.292713519651 3848133.292713529430 3848133.292713529430 3848133.292713529430 3848133.292713529430 3848133.292713529430 3848133.292713529430 3848133.292713529430 3848133.292713519186 3848133.292713519651 3848133.292713509407 3848133.292713509407 3848133.292713519186 3848133.292713509407 3848133.292713509407 3848133.292713509407 3848133.292713509407 3848133.292713509407 3848133.292713509407 3848133.292713519651 3848133.292713529430 3848133.292713529430 3848133.292713529430 3848133.292713519186 3848133.292713529896 3848133.292713529896 3848133.292713529896 3848133.292713529896 3848133.292713529896 3848133.292713529896 3848133.292713529896 3848133.292713529896 3848133.292713529896 3848133.292713529896 3848133.292713529896 3848133.292713529896 3848133.292713529896 3848133.292713529896 3848133.292713529896 3848133.292713529896 3848133.292713529430 3848133.292713539675 3848133.292713539675 3848133.292713529896 3848133.292713529896 3848133.292713529430 3848133.292713529430 3848133.292713529430
88 4000000.000000009779 3523956.527534989640 3523956.527534989640 3523956.527534990106 3523956.527535010129 3523956.527535010129 3523956.527534999885 3523956.527534999885 3523956.527534999885 3523956.527534999885 3523956.527534999885 3523956.527534999885 3523956.527534989640 3523956.527534989640 3381204.980359969661 3381204.980359969661 481815.686729440000 0.000000000000 1930648.315023350064 1930648.315023350064 1930648.315023350064 1930648.315023350064 3357116.772185799666 3357116.772185809910 3357116.772185809910 3357116.772185809910 3357116.772185809910 3357116.772185799666 3357116.772185799666 3357116.772185799666 3357116.772185800131 3357116.772185790353 3357116.772185790353 3848133.292713519651 3848133.292713519651 3848133.292713519651 3848133.292713529430 3848133.292713529430 3848133.292713529430 3848133.292713529430 3848133.292713529430 3848133.292713539675 3848133.292713539675 3848133.292713539675 3848133.292713539675 3848133.292713529430 3848133.292713529430 3848133.292713529430 3848133.292713519651 3848133.292713519651 3848133.292713519651 3848133.292713519651 3848133.292713519651 3848133.292713529430 3848133.292713529430 3848133.292713529430 3848133.292713529430 3848133.292713529430 3848133.292713529430 3848133.292713529430 3848133.292713519186 3848133.292713519651 3848133.292713509407 3848133.292713509407 3848133.292713519186 3848133.292713509407 3848133.292713509407 3848133.292713509407 3848133.292713509407 3848133.292713509407 3848133.292713509407 3848133.292713519651 3848133.292713529430 3848133.292713529430 3848133.292713529430 3848133.292713519186 3848133.292713529896 3848133.292713529896 3848133.292713529896 3848133.292713529896 3848133.292713529896 3848133.292713529896 3848133.292713529896 3848133.292713529896 3848133.292713529896 3848133.292713529896 3848133.292713529896 3848133.292713529896 3848133.292713529896 3848133.292713529896 3848133.292713529896 3848133.292713529896 3848133.292713529430 3848133.292713539675 3848133.292713539675 3848133.292713529896 3848133.292713529896 3848133.292713529430 3848133.292713529430 3848133.292713529430
3 4000000.000000000000 3523956.527534979861 3523956.527534979861 3523956.527534980327 3523956.527534999885 3523956.527534999885 3523956.527534989640 3523956.527534989640 3523956.527534989640 3523956.527534989640 3523956.527534989640 3523956.527534989640 3523956.527534979861 3523956.527534979861 3381204.980359959882 3381204.980359959882 1930648.315023350064 1930648.315023350064 0.000000000000 69448.232729519994 635912.898915620055 1195079.075514039956 3357116.772185789887 3357116.772185800131 3357116.772185800131 3357116.772185800131 3357116.772185800131 3357116.772185789887 3357116.772185789887 3357116.772185789887 3357116.772185790353 3357116.772185780108 3357116.772185780108 3848133.292713509873 3848133.292713509873 3848133.292713509873 3848133.292713520117 3848133.292713520117 3848133.292713520117 3848133.292713520117 3848133.292713520117 3848133.292713529896 3848133.292713529896 3848133.292713529896 3848133.292713529896 3848133.292713520117 3848133.292713520117 3848133.292713520117 3848133.292713509873 3848133.292713509873 3848133.292713509873 3848133.292713509873 3848133.292713509873 3848133.292713519651 3848133.292713519651 3848133.292713519651 3848133.292713519651 3848133.292713519651 3848133.292713519651 3848133.292713519651 3848133.292713509873 3848133.292713509873 3848133.292713499628 3848133.292713499628 3848133.292713509873 3848133.292713499628 3848133.292713499628 3848133.292713499628 3848133.292713499628 3848133.292713499628 3848133.292713499628 3848133.292713509873 3848133.292713520117 3848133.292713520117 3848133.292713520117 3848133.292713509873 3848133.292713520117 3848133.292713520117 3848133.292713520117 3848133.292713520117 3848133.292713520117 3848133.292713520117 3848133.292713520117 3848133.292713520117 3848133.292713520117 3848133.292713520117 3848133.292713520117 3848133.292713520117 3848133.292713520117 3848133.292713520117 3848133.292713520117 3848133.292713520117 3848133.292713520117 3848133.292713530362 3848133.292713530362 3848133.292713520117 3848133.292713520117 3848133.292713520117 3848133.292713520117 3848133.292713520117
