100
97 0.000000000000 1373214.479693759931 1373214.479693759931 2471359.513857710175 2471359.513857710175 2471359.513857710175 2471359.513857720420 4000000.000000000000 4000000.000000000000 4000000.000000009779 4000000.000000009779 4000000.000000000000 4000000.000000000000 4000000.000000000000 4000000.000000000000 4000000.000000000000 4000000.000000000000 3999999.999999989755 3999999.999999989755 3999999.999999989755 4000000.000000009779 4000000.000000009779 4000000.000000009779 4000000.000000009779 4000000.000000009779 4000000.000000000000 4000000.000000000000 4000000.000000000000 4000000.000000000000 4000000.000000000000 4000000.000000000000 4000000.000000000000 4000000.000000000000 4000000.000000009313 4000000.000000009313 4000000.000000000000 4000000.000000000000 4000000.000000010245 4000000.000000000000 4000000.000000000000 4000000.000000000000 4000000.000000000000 4000000.000000000000 4000000.000000000000 4000000.000000000000 4000000.000000000000 4000000.000000000000 4000000.000000000000 4000000.000000000000 4000000.000000010245 4000000.000000010245 4000000.000000010245 4000000.000000010245 4000000.000000010245 4000000.000000010245 4000000.000000010245 4000000.000000000000 4000000.000000000466 4000000.000000000466 4000000.000000000466 4000000.000000000000 3999999.999999990221 3999999.999999990221 3999999.999999990221 4000000.000000000000 4000000.000000000000 4000000.000000000000 4000000.000000000000 4000000.000000000000 4000000.000000000000 4000000.000000000000 3999999.999999990221 3999999.999999990221 3999999.999999990221 3999999.999999990221 3999999.999999990221 4000000.000000000000 4000000.000000000000 4000000.000000000000 3999999.999999990221 3999999.999999990221 4000000.000000000000 4000000.000000000000 3999999.999999990221 3999999.999999990221 4000000.000000000000 4000000.000000000000 4000000.000000000000 4000000.000000000000 4000000.000000000000 4000000.000000000000 4000000.000000000000 4000000.000000000000 4000000.000000000466 4000000.000000000466 4000000.000000000000 4000000.000000000000 4000000.000000009779 4000000.000000009779 4000000.000000000000
99 1373214.479693759931 0.000000000000 925794.474712759955 2471359.513857710175 2471359.513857710175 2471359.513857710175 2471359.513857720420 4000000.000000000000 4000000.000000000000 4000000.000000009779 4000000.000000009779 4000000.000000000000 4000000.000000000000 4000000.000000000000 4000000.000000000000 4000000.000000000000 4000000.000000000000 3999999.999999989755 3999999.999999989755 3999999.999999989755 4000000.000000009779 4000000.000000009779 4000000.000000009779 4000000.000000009779 4000000.000000009779 4000000.000000000000 4000000.000000000000 4000000.000000000000 4000000.000000000000 4000000.000000000000 4000000.000000000000 4000000.000000000000 4000000.000000000000 4000000.000000009313 4000000.000000009313 4000000.000000000000 4000000.000000000000 4000000.000000010245 4000000.000000000000 4000000.000000000000 4000000.000000000000 4000000.000000000000 4000000.000000000000 4000000.000000000000 4000000.000000000000 4000000.000000000000 4000000.000000000000 4000000.000000000000 4000000.000000000000 4000000.000000010245 4000000.000000010245 4000000.000000010245 4000000.000000010245 4000000.000000010245 4000000.000000010245 4000000.000000010245 4000000.000000000000 4000000.000000000466 4000000.000000000466 4000000.000000000466 4000000.000000000000 3999999.999999990221 3999999.999999990221 3999999.999999990221 4000000.000000000000 4000000.000000000000 4000000.000000000000 4000000.000000000000 4000000.000000000000 4000000.000000000000 4000000.000000000000 3999999.999999990221 3999999.999999990221 3999999.999999990221 3999999.999999990221 3999999.999999990221 4000000.000000000000 4000000.000000000000 4000000.000000000000 3999999.999999990221 3999999.999999990221 4000000.000000000000 4000000.000000000000 3999999.999999990221 3999999.999999990221 4000000.000000000000 4000000.000000000000 4000000.000000000000 4000000.000000000000 4000000.000000000000 4000000.000000000000 4000000.000000000000 4000000.000000000000 4000000.000000000466 4000000.000000000466 4000000.000000000000 4000000.000000000000 4000000.000000009779 4000000.000000009779 4000000.000000000000
100 1373214.479693759931 925794.474712759955 0.000000000000 2471359.513857710175 2471359.513857710175 2471359.513857710175 2471359.513857720420 4000000.000000000000 4000000.000000000000 4000000.000000009779 4000000.000000009779 4000000.000000000000 4000000.000000000000 4000000.000000000000 4000000.000000000000 4000000.000000000000 4000000.000000000000 3999999.999999989755 3999999.999999989755 3999999.999999989755 4000000.000000009779 4000000.000000009779 4000000.000000009779 4000000.000000009779 4000000.000000009779 4000000.000000000000 4000000.000000000000 4000000.000000000000 4000000.000000000000 4000000.000000000000 4000000.000000000000 4000000.000000000000 4000000.000000000000 4000000.000000009313 4000000.000000009313 4000000.000000000000 4000000.000000000000 4000000.000000010245 4000000.000000000000 4000000.000000000000 4000000.000000000000 4000000.000000000000 4000000.000000000000 4000000.000000000000 4000000.000000000000 4000000.000000000000 4000000.000000000000 4000000.000000000000 4000000.000000000000 4000000.000000010245 4000000.000000010245 4000000.000000010245 4000000.000000010245 4000000.000000010245 4000000.000000010245 4000000.000000010245 4000000.000000000000 4000000.000000000466 4000000.000000000466 4000000.000000000466 4000000.000000000000 3999999.999999990221 3999999.999999990221 3999999.999999990221 4000000.000000000000 4000000.000000000000 4000000.000000000000 4000000.000000000000 4000000.000000000000 4000000.000000000000 4000000.000000000000 3999999.999999990221 3999999.999999990221 3999999.999999990221 3999999.999999990221 3999999.999999990221 4000000.000000000000 4000000.000000000000 4000000.000000000000 3999999.999999990221 3999999.999999990221 4000000.000000000000 4000000.000000000000 3999999.999999990221 3999999.999999990221 4000000.000000000000 4000000.000000000000 4000000.000000000000 4000000.000000000000 4000000.000000000000 4000000.000000000000 4000000.000000000000 4000000.000000000000 4000000.000000000466 4000000.000000000466 4000000.000000000000 4000000.000000000000 4000000.000000009779 4000000.000000009779 4000000.000000000000
96 2471359.513857710175 2471359.513857710175 2471359.513857710175 0.000000000000 915038.920909320004 915038.920909320004 1130972.649312850088 3999999.999999989755 3999999.999999989755 4000000.000000000000 4000000.000000000000 3999999.999999989755 3999999.999999989755 3999999.999999989755 3999999.999999989755 3999999.999999989755 3999999.999999989755 3999999.999999979511 3999999.999999979511 3999999.999999979511 4000000.000000000000 4000000.000000000000 4000000.000000000000 4000000.000000000000 4000000.000000000000 3999999.999999989755 3999999.999999989755 3999999.999999989755 3999999.999999989755 3999999.999999989755 3999999.999999989755 3999999.999999989755 3999999.999999989755 3999999.999999999534 3999999.999999999534 3999999.999999989755 3999999.999999989755 4000000.000000000000 3999999.999999989755 3999999.999999989755 3999999.999999989755 3999999.999999989755 3999999.999999989755 3999999.999999989755 3999999.999999989755 3999999.999999989755 3999999.999999989755 3999999.999999990221 3999999.999999990221 4000000.000000000000 4000000.000000000000 4000000.000000000000 4000000.000000000000 4000000.000000000000 4000000.000000000000 4000000.000000000000 3999999.999999990221 3999999.999999990687 3999999.999999990687 3999999.999999990687 3999999.999999989755 3999999.999999980442 3999999.999999980442 3999999.999999980442 3999999.999999989755 3999999.999999989755 3999999.999999989755 3999999.999999989755 3999999.999999989755 3999999.999999989755 3999999.999999989755 3999999.999999980442 3999999.999999980442 3999999.999999980442 3999999.999999980442 3999999.999999980442 3999999.999999989755 3999999.999999989755 3999999.999999989755 3999999.999999980442 3999999.999999980442 3999999.999999989755 3999999.999999989755 3999999.999999980442 3999999.999999980442 3999999.999999989755 3999999.999999989755 3999999.999999989755 3999999.999999989755 3999999.999999989755 3999999.999999989755 3999999.999999989755 3999999.999999989755 3999999.999999990687 3999999.999999990687 3999999.999999989755 3999999.999999989755 4000000.000000000000 4000000.000000000000 3999999.999999989755
94 2471359.513857710175 2471359.513857710175 2471359.513857710175 915038.920909320004 0.000000000000 214051.949298660009 1130972.649312850088 3999999.999999989755 3999999.999999989755 4000000.000000000000 4000000.000000000000 3999999.999999989755 3999999.999999989755 3999999.999999989755 3999999.999999989755 3999999.999999989755 3999999.999999989755 3999999.999999979511 3999999.999999979511 3999999.999999979511 4000000.000000000000 4000000.000000000000 4000000.000000000000 4000000.000000000000 4000000.000000000000 3999999.999999989755 3999999.999999989755 3999999.999999989755 3999999.999999989755 3999999.999999989755 3999999.999999989755 3999999.999999989755 3999999.999999989755 3999999.999999999534 3999999.999999999534 3999999.999999989755 3999999.999999989755 4000000.000000000000 3999999.999999989755 3999999.999999989755 3999999.999999989755 3999999.999999989755 3999999.999999989755 3999999.999999989755 3999999.999999989755 3999999.999999989755 3999999.999999989755 3999999.999999990221 3999999.999999990221 4000000.000000000000 4000000.000000000000 4000000.000000000000 4000000.000000000000 4000000.000000000000 4000000.000000000000 4000000.000000000000 3999999.999999990221 3999999.999999990687 3999999.999999990687 3999999.999999990687 3999999.999999989755 3999999.999999980442 3999999.999999980442 3999999.999999980442 3999999.999999989755 3999999.999999989755 3999999.999999989755 3999999.999999989755 3999999.999999989755 3999999.999999989755 3999999.999999989755 3999999.999999980442 3999999.999999980442 3999999.999999980442 3999999.999999980442 3999999.999999980442 3999999.999999989755 3999999.999999989755 3999999.999999989755 3999999.999999980442 3999999.999999980442 3999999.999999989755 3999999.999999989755 3999999.999999980442 3999999.999999980442 3999999.999999989755 3999999.999999989755 3999999.999999989755 3999999.999999989755 3999999.999999989755 3999999.999999989755 3999999.999999989755 3999999.999999989755 3999999.999999990687 3999999.999999990687 3999999.999999989755 3999999.999999989755 4000000.000000000000 4000000.000000000000 3999999.999999989755
98 2471359.513857710175 2471359.513857710175 2471359.513857710175 915038.920909320004 214051.949298660009 0.000000000000 1130972.649312850088 3999999.999999989755 3999999.999999989755 4000000.000000000000 4000000.000000000000 3999999.999999989755 3999999.999999989755 3999999.999999989755 3999999.999999989755 3999999.999999989755 3999999.999999989755 3999999.999999979511 3999999.999999979511 3999999.999999979511 4000000.000000000000 4000000.000000000000 4000000.000000000000 4000000.000000000000 4000000.000000000000 3999999.999999989755 3999999.999999989755 3999999.999999989755 3999999.999999989755 3999999.999999989755 3999999.999999989755 3999999.999999989755 3999999.999999989755 3999999.999999999534 3999999.999999999534 3999999.999999989755 3999999.999999989755 4000000.000000000000 3999999.999999989755 3999999.999999989755 3999999.999999989755 3999999.999999989755 3999999.999999989755 3999999.999999989755 3999999.999999989755 3999999.999999989755 3999999.999999989755 3999999.999999990221 3999999.999999990221 4000000.000000000000 4000000.000000000000 4000000.000000000000 4000000.000000000000 4000000.000000000000 4000000.000000000000 4000000.000000000000 3999999.999999990221 3999999.999999990687 3999999.999999990687 3999999.999999990687 3999999.999999989755 3999999.999999980442 3999999.999999980442 3999999.999999980442 3999999.999999989755 3999999.999999989755 3999999.999999989755 3999999.999999989755 3999999.999999989755 3999999.999999989755 3999999.999999989755 3999999.999999980442 3999999.999999980442 3999999.999999980442 3999999.999999980442 3999999.999999980442 3999999.999999989755 3999999.999999989755 3999999.999999989755 3999999.999999980442 3999999.999999980442 3999999.999999989755 3999999.999999989755 3999999.999999980442 3999999.999999980442 3999999.999999989755 3999999.999999989755 3999999.999999989755 3999999.999999989755 3999999.999999989755 3999999.999999989755 3999999.999999989755 3999999.999999989755 3999999.999999990687 3999999.999999990687 3999999.999999989755 3999999.999999989755 4000000.000000000000 4000000.000000000000 3999999.999999989755
95 2471359.513857720420 2471359.513857720420 2471359.513857720420 1130972.649312850088 1130972.649312850088 1130972.649312850088 0.000000000000 4000000.000000000000 4000000.000000000000 4000000.000000010245 4000000.000000010245 4000000.000000000000 4000000.000000000000 4000000.000000000000 4000000.000000000000 4000000.000000000000 4000000.000000000000 3999999.999999989755 3999999.999999989755 3999999.999999989755 4000000.000000010245 4000000.000000010245 4000000.000000010245 4000000.000000010245 4000000.000000010245 4000000.000000000000 4000000.000000000000 4000000.000000000000 4000000.000000000000 4000000.000000000000 4000000.000000000000 4000000.000000000000 4000000.000000000000 4000000.000000009779 4000000.000000009779 4000000.000000000000 4000000.000000000000 4000000.000000010245 4000000.000000000000 4000000.000000000000 4000000.000000000000 4000000.000000000000 4000000.000000000000 4000000.000000000000 4000000.000000000000 4000000.000000000000 4000000.000000000000 4000000.000000000466 4000000.000000000466 4000000.000000010245 4000000.000000010245 4000000.000000010245 4000000.000000010245 4000000.000000010245 4000000.000000010245 4000000.000000010245 4000000.000000000466 4000000.000000000931 4000000.000000000931 4000000.000000000931 4000000.000000000000 3999999.999999990687 3999999.999999990687 3999999.999999990687 4000000.000000000000 4000000.000000000000 4000000.000000000000 4000000.000000000000 4000000.000000000000 4000000.000000000000 4000000.000000000000 3999999.999999990687 3999999.999999990687 3999999.999999990687 3999999.999999990687 3999999.999999990687 4000000.000000000000 4000000.000000000000 4000000.000000000000 3999999.999999990687 3999999.999999990687 4000000.000000000000 4000000.000000000000 3999999.999999990687 3999999.999999990687 4000000.000000000000 4000000.000000000000 4000000.000000000000 4000000.000000000000 4000000.000000000000 4000000.000000000000 4000000.000000000000 4000000.000000000000 4000000.000000000931 4000000.000000000931 4000000.000000000000 4000000.000000000000 4000000.000000010245 4000000.000000010245 4000000.000000000000
93 4000000.000000000000 4000000.000000000000 4000000.000000000000 3999999.999999989755 3999999.999999989755 3999999.999999989755 4000000.000000000000 0.000000000000 3914882.028387979604 3914882.028387989849 3914882.028387989849 3914882.028387979604 3914882.028387979604 3914882.028387979604 3914882.028387979604 3914882.028387979604 3914882.028387979604 3914882.028387969825 3914882.028387969825 3914882.028387969825 3992941.224320489913 3992941.224320489913 3992941.224320489913 3992941.224320489913 3992941.224320489913 3992941.224320479669 3992941.224320479669 3992941.224320479669 3992941.224320479669 3992941.224320479669 3992941.224320479669 3992941.224320479669 3992941.224320479669 3992941.224320489913 3992941.224320489913 3992941.224320479669 3992941.224320479669 3992941.224320489913 3992941.224320480134 3992941.224320480134 3992941.224320480134 3992941.224320480134 3992941.224320480134 3992941.224320479669 3992941.224320479669 3992941.224320480134 3992941.224320480134 3992941.224320480600 3992941.224320480600 3992941.224320489913 3992941.224320489913 3992941.224320489913 3992941.224320489913 3992941.224320489913 3992941.224320489913 3992941.224320489913 3992941.224320480600 3992941.224320480600 3992941.224320480600 3992941.224320480600 3992941.224320480134 3992941.224320470355 3992941.224320470355 3992941.224320470355 3992941.224320480134 3992941.224320480134 3992941.224320480134 3992941.224320480134 3992941.224320480134 3992941.224320480134 3992941.224320480134 3992941.224320470355 3992941.224320470355 3992941.224320470355 3992941.224320470355 3992941.224320470355 3992941.224320480134 3992941.224320480134 3992941.224320480134 3992941.224320470355 3992941.224320470355 3992941.224320480134 3992941.224320480134 3992941.224320470355 3992941.224320470355 3992941.224320480134 3992941.224320480134 3992941.224320480134 3992941.224320480134 3992941.224320480134 3992941.224320480134 3992941.224320480134 3992941.224320480134 3992941.224320480600 3992941.224320480600 3992941.224320480134 3992941.224320480134 3992941.224320489913 3992941.224320489913 3992941.224320480134
80 4000000.000000000000 4000000.000000000000 4000000.000000000000 3999999.999999989755 3999999.999999989755 3999999.999999989755 4000000.000000000000 3914882.028387979604 0.000000000000 3260910.361095969565 3260910.361095969565 3260910.361095959786 3260910.361095959786 3316874.955998339690 3316874.955998339690 3316874.955998339690 3316874.955998339690 3316874.955998329446 3316874.955998329446 3316874.955998329446 3992941.224320489913 3992941.224320489913 3992941.224320489913 3992941.224320489913 3992941.224320489913 3992941.224320479669 3992941.224320479669 3992941.224320479669 3992941.224320479669 3992941.224320479669 3992941.224320479669 3992941.224320479669 3992941.224320479669 3992941.224320489448 3992941.224320489448 3992941.224320479669 3992941.224320479669 3992941.224320489913 3992941.224320479669 3992941.224320479669 3992941.224320479669 3992941.224320479669 3992941.224320479669 3992941.224320479669 3992941.224320479669 3992941.224320479669 3992941.224320479669 3992941.224320480134 3992941.224320480134 3992941.224320489913 3992941.224320489913 3992941.224320489913 3992941.224320489913 3992941.224320489913 3992941.224320489913 3992941.224320489913 3992941.224320480134 3992941.224320480600 3992941.224320480600 3992941.224320480600 3992941.224320479669 3992941.224320470355 3992941.224320470355 3992941.224320470355 3992941.224320479669 3992941.224320479669 3992941.224320479669 3992941.224320479669 3992941.224320479669 3992941.224320479669 3992941.224320479669 3992941.224320470355 3992941.224320470355 3992941.224320470355 3992941.224320470355 3992941.224320470355 3992941.224320479669 3992941.224320479669 3992941.224320479669 3992941.224320470355 3992941.224320470355 3992941.224320479669 3992941.224320479669 3992941.224320470355 3992941.224320470355 3992941.224320479669 3992941.224320479669 3992941.224320479669 3992941.224320479669 3992941.224320479669 3992941.224320479669 3992941.224320479669 3992941.224320479669 3992941.224320480600 3992941.224320480600 3992941.224320479669 3992941.224320479669 3992941.224320489913 3992941.224320489913 3992941.224320479669
66 4000000.000000009779 4000000.000000009779 4000000.000000009779 4000000.000000000000 4000000.000000000000 4000000.000000000000 4000000.000000010245 3914882.028387989849 3260910.361095969565 0.000000000000 2295211.584098020103 2403931.912216089666 2403931.912216089666 3316874.955998349935 3316874.955998349935 3316874.955998349935 3316874.955998349935 3316874.955998339690 3316874.955998339690 3316874.955998339690 3992941.224320499692 3992941.224320499692 3992941.224320499692 3992941.224320499692 3992941.224320499692 3992941.224320489913 3992941.224320489913 3992941.224320489913 3992941.224320489913 3992941.224320489913 3992941.224320489913 3992941.224320489913 3992941.224320489913 3992941.224320499226 3992941.224320499226 3992941.224320489913 3992941.224320489913 3992941.224320500158 3992941.224320489913 3992941.224320489913 3992941.224320489913 3992941.224320489913 3992941.224320489913 3992941.224320489913 3992941.224320489913 3992941.224320489913 3992941.224320489913 3992941.224320489913 3992941.224320489913 3992941.224320500158 3992941.224320500158 3992941.224320500158 3992941.224320500158 3992941.224320500158 3992941.224320500158 3992941.224320500158 3992941.224320489913 3992941.224320490379 3992941.224320490379 3992941.224320490379 3992941.224320489913 3992941.224320480134 3992941.224320480134 3992941.224320480134 3992941.224320489913 3992941.224320489913 3992941.224320489913 3992941.224320489913 3992941.224320489913 3992941.224320489913 3992941.224320489913 3992941.224320480134 3992941.224320480134 3992941.224320480134 3992941.224320480134 3992941.224320480134 3992941.224320489913 3992941.224320489913 3992941.224320489913 3992941.224320480134 3992941.224320480134 3992941.224320489913 3992941.224320489913 3992941.224320480134 3992941.224320480134 3992941.224320489913 3992941.224320489913 3992941.224320489913 3992941.224320489913 3992941.224320489913 3992941.224320489913 3992941.224320489913 3992941.224320489913 3992941.224320490379 3992941.224320490379 3992941.224320489913 3992941.224320489913 3992941.224320499692 3992941.224320499692 3992941.224320489913
19 4000000.000000009779 4000000.000000009779 4000000.000000009779 4000000.000000000000 4000000.000000000000 4000000.000000000000 4000000.000000010245 3914882.028387989849 3260910.361095969565 2295211.584098020103 0.000000000000 2403931.912216089666 2403931.912216089666 3316874.955998349935 3316874.955998349935 3316874.955998349935 3316874.955998349935 3316874.955998339690 3316874.955998339690 3316874.955998339690 3992941.224320499692 3992941.224320499692 3992941.224320499692 3992941.224320499692 3992941.224320499692 3992941.224320489913 3992941.224320489913 3992941.224320489913 3992941.224320489913 3992941.224320489913 3992941.224320489913 3992941.224320489913 3992941.224320489913 3992941.224320499226 3992941.224320499226 3992941.224320489913 3992941.224320489913 3992941.224320500158 3992941.224320489913 3992941.224320489913 3992941.224320489913 3992941.224320489913 3992941.224320489913 3992941.224320489913 3992941.224320489913 3992941.224320489913 3992941.224320489913 3992941.224320489913 3992941.224320489913 3992941.224320500158 3992941.224320500158 3992941.224320500158 3992941.224320500158 3992941.224320500158 3992941.224320500158 3992941.224320500158 3992941.224320489913 3992941.224320490379 3992941.224320490379 3992941.224320490379 3992941.224320489913 3992941.224320480134 3992941.224320480134 3992941.224320480134 3992941.224320489913 3992941.224320489913 3992941.224320489913 3992941.224320489913 3992941.224320489913 3992941.224320489913 3992941.224320489913 3992941.224320480134 3992941.224320480134 3992941.224320480134 3992941.224320480134 3992941.224320480134 3992941.224320489913 3992941.224320489913 3992941.224320489913 3992941.224320480134 3992941.224320480134 3992941.224320489913 3992941.224320489913 3992941.224320480134 3992941.224320480134 3992941.224320489913 3992941.224320489913 3992941.224320489913 3992941.224320489913 3992941.224320489913 3992941.224320489913 3992941.224320489913 3992941.224320489913 3992941.224320490379 3992941.224320490379 3992941.224320489913 3992941.224320489913 3992941.224320499692 3992941.224320499692 3992941.224320489913
8 4000000.000000000000 4000000.000000000000 4000000.000000000000 3999999.999999989755 3999999.999999989755 3999999.999999989755 4000000.000000000000 3914882.028387979604 3260910.361095959786 2403931.912216089666 2403931.912216089666 0.000000000000 343414.652521619981 3316874.955998339690 3316874.955998339690 3316874.955998339690 3316874.955998339690 3316874.955998329446 3316874.955998329446 3316874.955998329446 3992941.224320489913 3992941.224320489913 3992941.224320489913 3992941.224320489913 3992941.224320489913 3992941.224320479669 3992941.224320479669 3992941.224320479669 3992941.224320479669 3992941.224320479669 3992941.224320479669 3992941.224320479669 3992941.224320479669 3992941.224320489448 3992941.224320489448 3992941.224320479669 3992941.224320479669 3992941.224320489913 3992941.224320479669 3992941.224320479669 3992941.224320479669 3992941.224320479669 3992941.224320479669 3992941.224320479669 3992941.224320479669 3992941.224320479669 3992941.224320479669 3992941.224320480134 3992941.224320480134 3992941.224320489913 3992941.224320489913 3992941.224320489913 3992941.224320489913 3992941.224320489913 3992941.224320489913 3992941.224320489913 3992941.224320480134 3992941.224320480600 3992941.224320480600 3992941.224320480600 3992941.224320479669 3992941.224320470355 3992941.224320470355 3992941.224320470355 3992941.224320479669 3992941.224320479669 3992941.224320479669 3992941.224320479669 3992941.224320479669 3992941.224320479669 3992941.224320479669 3992941.224320470355 3992941.224320470355 3992941.224320470355 3992941.224320470355 3992941.224320470355 3992941.224320479669 3992941.224320479669 3992941.224320479669 3992941.224320470355 3992941.224320470355 3992941.224320479669 3992941.224320479669 3992941.224320470355 3992941.224320470355 3992941.224320479669 3992941.224320479669 3992941.224320479669 3992941.224320479669 3992941.224320479669 3992941.224320479669 3992941.224320479669 3992941.224320479669 3992941.224320480600 3992941.224320480600 3992941.224320479669 3992941.224320479669 3992941.224320489913 3992941.224320489913 3992941.224320479669
49 4000000.000000000000 4000000.000000000000 4000000.000000000000 3999999.999999989755 3999999.999999989755 3999999.999999989755 4000000.000000000000 3914882.028387979604 3260910.361095959786 2403931.912216089666 2403931.912216089666 343414.652521619981 0.000000000000 3316874.955998339690 3316874.955998339690 3316874.955998339690 3316874.955998339690 3316874.955998329446 3316874.955998329446 3316874.955998329446 3992941.224320489913 3992941.224320489913 3992941.224320489913 3992941.224320489913 3992941.224320489913 3992941.224320479669 3992941.224320479669 3992941.224320479669 3992941.224320479669 3992941.224320479669 3992941.224320479669 3992941.224320479669 3992941.224320479669 3992941.224320489448 3992941.224320489448 3992941.224320479669 3992941.224320479669 3992941.224320489913 3992941.224320479669 3992941.224320479669 3992941.224320479669 3992941.224320479669 3992941.224320479669 3992941.224320479669 3992941.224320479669 3992941.224320479669 3992941.224320479669 3992941.224320480134 3992941.224320480134 3992941.224320489913 3992941.224320489913 3992941.224320489913 3992941.224320489913 3992941.224320489913 3992941.224320489913 3992941.224320489913 3992941.224320480134 3992941.224320480600 3992941.224320480600 3992941.224320480600 3992941.224320479669 3992941.224320470355 3992941.224320470355 3992941.224320470355 3992941.224320479669 3992941.224320479669 3992941.224320479669 3992941.224320479669 3992941.224320479669 3992941.224320479669 3992941.224320479669 3992941.224320470355 3992941.224320470355 3992941.224320470355 3992941.224320470355 3992941.224320470355 3992941.224320479669 3992941.224320479669 3992941.224320479669 3992941.224320470355 3992941.224320470355 3992941.224320479669 3992941.224320479669 3992941.224320470355 3992941.224320470355 3992941.224320479669 3992941.224320479669 3992941.224320479669 3992941.224320479669 3992941.224320479669 3992941.224320479669 3992941.224320479669 3992941.224320479669 3992941.224320480600 3992941.224320480600 3992941.224320479669 3992941.224320479669 3992941.224320489913 3992941.224320489913 3992941.224320479669
56 4000000.000000000000 4000000.000000000000 4000000.000000000000 3999999.999999989755 3999999.999999989755 3999999.999999989755 4000000.000000000000 3914882.028387979604 3316874.955998339690 3316874.955998349935 3316874.955998349935 3316874.955998339690 3316874.955998339690 0.000000000000 514589.063893079991 514589.063893079991 850523.135136279976 2893085.154305589385 2893085.154305589385 2893085.154305589385 3992941.224320489913 3992941.224320489913 3992941.224320489913 3992941.224320489913 3992941.224320489913 3992941.224320479669 3992941.224320479669 3992941.224320479669 3992941.224320479669 3992941.224320479669 3992941.224320479669 3992941.224320479669 3992941.224320479669 3992941.224320489448 3992941.224320489448 3992941.224320479669 3992941.224320479669 3992941.224320489913 3992941.224320479669 3992941.224320479669 3992941.224320479669 3992941.224320479669 3992941.224320479669 3992941.224320479669 3992941.224320479669 3992941.224320479669 3992941.224320479669 3992941.224320480134 3992941.224320480134 3992941.224320489913 3992941.224320489913 3992941.224320489913 3992941.224320489913 3992941.224320489913 3992941.224320489913 3992941.224320489913 3992941.224320480134 3992941.224320480600 3992941.224320480600 3992941.224320480600 3992941.224320479669 3992941.224320470355 3992941.224320470355 3992941.224320470355 3992941.224320479669 3992941.224320479669 3992941.224320479669 3992941.224320479669 3992941.224320479669 3992941.224320479669 3992941.224320479669 3992941.224320470355 3992941.224320470355 3992941.224320470355 3992941.224320470355 3992941.224320470355 3992941.224320479669 3992941.224320479669 3992941.224320479669 3992941.224320470355 3992941.224320470355 3992941.224320479669 3992941.224320479669 3992941.224320470355 3992941.224320470355 3992941.224320479669 3992941.224320479669 3992941.224320479669 3992941.224320479669 3992941.224320479669 3992941.224320479669 3992941.224320479669 3992941.224320479669 3992941.224320480600 3992941.224320480600 3992941.224320479669 3992941.224320479669 3992941.224320489913 3992941.224320489913 3992941.224320479669
42 4000000.000000000000 4000000.000000000000 4000000.000000000000 3999999.999999989755 3999999.999999989755 3999999.999999989755 4000000.000000000000 3914882.028387979604 3316874.955998339690 3316874.955998349935 3316874.955998349935 3316874.955998339690 3316874.955998339690 514589.063893079991 0.000000000000 168514.618394140009 850523.135136279976 2893085.154305589385 2893085.154305589385 2893085.154305589385 3992941.224320489913 3992941.224320489913 3992941.224320489913 3992941.224320489913 3992941.224320489913 3992941.224320479669 3992941.224320479669 3992941.224320479669 3992941.224320479669 3992941.224320479669 3992941.224320479669 3992941.224320479669 3992941.224320479669 3992941.224320489448 3992941.224320489448 3992941.224320479669 3992941.224320479669 3992941.224320489913 3992941.224320479669 3992941.224320479669 3992941.224320479669 3992941.224320479669 3992941.224320479669 3992941.224320479669 3992941.224320479669 3992941.224320479669 3992941.224320479669 3992941.224320480134 3992941.224320480134 3992941.224320489913 3992941.224320489913 3992941.224320489913 3992941.224320489913 3992941.224320489913 3992941.224320489913 3992941.224320489913 3992941.224320480134 3992941.224320480600 3992941.224320480600 3992941.224320480600 3992941.224320479669 3992941.224320470355 3992941.224320470355 3992941.224320470355 3992941.224320479669 3992941.224320479669 3992941.224320479669 3992941.224320479669 3992941.224320479669 3992941.224320479669 3992941.224320479669 3992941.224320470355 3992941.224320470355 3992941.224320470355 3992941.224320470355 3992941.224320470355 3992941.224320479669 3992941.224320479669 3992941.224320479669 3992941.224320470355 3992941.224320470355 3992941.224320479669 3992941.224320479669 3992941.224320470355 3992941.224320470355 3992941.224320479669 3992941.224320479669 3992941.224320479669 3992941.224320479669 3992941.224320479669 3992941.224320479669 3992941.224320479669 3992941.224320479669 3992941.224320480600 3992941.224320480600 3992941.224320479669 3992941.224320479669 3992941.224320489913 3992941.224320489913 3992941.224320479669
48 4000000.000000000000 4000000.000000000000 4000000.000000000000 3999999.999999989755 3999999.999999989755 3999999.999999989755 4000000.000000000000 3914882.028387979604 3316874.955998339690 3316874.955998349935 3316874.955998349935 3316874.955998339690 3316874.955998339690 514589.063893079991 168514.618394140009 0.000000000000 850523.135136279976 2893085.154305589385 2893085.154305589385 2893085.154305589385 3992941.224320489913 3992941.224320489913 3992941.224320489913 3992941.224320489913 3992941.224320489913 3992941.224320479669 3992941.224320479669 3992941.224320479669 3992941.224320479669 3992941.224320479669 3992941.224320479669 3992941.224320479669 3992941.224320479669 3992941.224320489448 3992941.224320489448 3992941.224320479669 3992941.224320479669 3992941.224320489913 3992941.224320479669 3992941.224320479669 3992941.224320479669 3992941.224320479669 3992941.224320479669 3992941.224320479669 3992941.224320479669 3992941.224320479669 3992941.224320479669 3992941.224320480134 3992941.224320480134 3992941.224320489913 3992941.224320489913 3992941.224320489913 3992941.224320489913 3992941.224320489913 3992941.224320489913 3992941.224320489913 3992941.224320480134 3992941.224320480600 3992941.224320480600 3992941.224320480600 3992941.224320479669 3992941.224320470355 3992941.224320470355 3992941.224320470355 3992941.224320479669 3992941.224320479669 3992941.224320479669 3992941.224320479669 3992941.224320479669 3992941.224320479669 3992941.224320479669 3992941.224320470355 3992941.224320470355 3992941.224320470355 3992941.224320470355 3992941.224320470355 3992941.224320479669 3992941.224320479669 3992941.224320479669 3992941.224320470355 3992941.224320470355 3992941.224320479669 3992941.224320479669 3992941.224320470355 3992941.224320470355 3992941.224320479669 3992941.224320479669 3992941.224320479669 3992941.224320479669 3992941.224320479669 3992941.224320479669 3992941.224320479669 3992941.224320479669 3992941.224320480600 3992941.224320480600 3992941.224320479669 3992941.224320479669 3992941.224320489913 3992941.224320489913 3992941.224320479669
78 4000000.000000000000 4000000.000000000000 4000000.000000000000 3999999.999999989755 3999999.999999989755 3999999.999999989755 4000000.000000000000 3914882.028387979604 3316874.955998339690 3316874.955998349935 3316874.955998349935 3316874.955998339690 3316874.955998339690 850523.135136279976 850523.135136279976 850523.135136279976 0.000000000000 2893085.154305589385 2893085.154305589385 2893085.154305589385 3992941.224320489913 3992941.224320489913 3992941.224320489913 3992941.224320489913 3992941.224320489913 3992941.224320479669 3992941.224320479669 3992941.224320479669 3992941.224320479669 3992941.224320479669 3992941.224320479669 3992941.224320479669 3992941.224320479669 3992941.224320489448 3992941.224320489448 3992941.224320479669 3992941.224320479669 3992941.224320489913 3992941.224320479669 3992941.224320479669 3992941.224320479669 3992941.224320479669 3992941.224320479669 3992941.224320479669 3992941.224320479669 3992941.224320479669 3992941.224320479669 3992941.224320480134 3992941.224320480134 3992941.224320489913 3992941.224320489913 3992941.224320489913 3992941.224320489913 3992941.224320489913 3992941.224320489913 3992941.224320489913 3992941.224320480134 3992941.224320480600 3992941.224320480600 3992941.224320480600 3992941.224320479669 3992941.224320470355 3992941.224320470355 3992941.224320470355 3992941.224320479669 3992941.224320479669 3992941.224320479669 3992941.224320479669 3992941.224320479669 3992941.224320479669 3992941.224320479669 3992941.224320470355 3992941.224320470355 3992941.224320470355 3992941.224320470355 3992941.224320470355 3992941.224320479669 3992941.224320479669 3992941.224320479669 3992941.224320470355 3992941.224320470355 3992941.224320479669 3992941.224320479669 3992941.224320470355 3992941.224320470355 3992941.224320479669 3992941.224320479669 3992941.224320479669 3992941.224320479669 3992941.224320479669 3992941.224320479669 3992941.224320479669 3992941.224320479669 3992941.224320480600 3992941.224320480600 3992941.224320479669 3992941.224320479669 3992941.224320489913 3992941.224320489913 3992941.224320479669
16 3999999.999999989755 3999999.999999989755 3999999.999999989755 3999999.999999979511 3999999.999999979511 3999999.999999979511 3999999.999999989755 3914882.028387969825 3316874.955998329446 3316874.955998339690 3316874.955998339690 3316874.955998329446 3316874.955998329446 2893085.154305589385 2893085.154305589385 2893085.154305589385 2893085.154305589385 0.000000000000 502083.341653539974 502083.341653539974 3992941.224320479669 3992941.224320479669 3992941.224320479669 3992941.224320479669 3992941.224320479669 3992941.224320469424 3992941.224320469424 3992941.224320469424 3992941.224320469424 3992941.224320469424 3992941.224320469424 3992941.224320469424 3992941.224320469424 3992941.224320479669 3992941.224320479669 3992941.224320469424 3992941.224320469424 3992941.224320479669 3992941.224320469890 3992941.224320469890 3992941.224320469890 3992941.224320469890 3992941.224320469890 3992941.224320469424 3992941.224320469424 3992941.224320469890 3992941.224320469890 3992941.224320470355 3992941.224320470355 3992941.224320479669 3992941.224320479669 3992941.224320479669 3992941.224320479669 3992941.224320479669 3992941.224320479669 3992941.224320479669 3992941.224320470355 3992941.224320470355 3992941.224320470355 3992941.224320470355 3992941.224320469890 3992941.224320460111 3992941.224320460111 3992941.224320460111 3992941.224320469890 3992941.224320469890 3992941.224320469890 3992941.224320469890 3992941.224320469890 3992941.224320469890 3992941.224320469890 3992941.224320460111 3992941.224320460111 3992941.224320460111 3992941.224320460111 3992941.224320460111 3992941.224320469890 3992941.224320469890 3992941.224320469890 3992941.224320460111 3992941.224320460111 3992941.224320469890 3992941.224320469890 3992941.224320460111 3992941.224320460111 3992941.224320469890 3992941.224320469890 3992941.224320469890 3992941.224320469890 3992941.224320469890 3992941.224320469890 3992941.224320469890 3992941.224320469890 3992941.224320470355 3992941.224320470355 3992941.224320469890 3992941.224320469890 3992941.224320479669 3992941.224320479669 3992941.224320469890
83 3999999.999999989755 3999999.999999989755 3999999.999999989755 3999999.999999979511 3999999.999999979511 3999999.999999979511 3999999.999999989755 3914882.028387969825 3316874.955998329446 3316874.955998339690 3316874.955998339690 3316874.955998329446 3316874.955998329446 2893085.154305589385 2893085.154305589385 2893085.154305589385 2893085.154305589385 502083.341653539974 0.000000000000 153183.969701180002 3992941.224320479669 3992941.224320479669 3992941.224320479669 3992941.224320479669 3992941.224320479669 3992941.224320469424 3992941.224320469424 3992941.224320469424 3992941.224320469424 3992941.224320469424 3992941.224320469424 3992941.224320469424 3992941.224320469424 3992941.224320479669 3992941.224320479669 3992941.224320469424 3992941.224320469424 3992941.224320479669 3992941.224320469890 3992941.224320469890 3992941.224320469890 3992941.224320469890 3992941.224320469890 3992941.224320469424 3992941.224320469424 3992941.224320469890 3992941.224320469890 3992941.224320470355 3992941.224320470355 3992941.224320479669 3992941.224320479669 3992941.224320479669 3992941.224320479669 3992941.224320479669 3992941.224320479669 3992941.224320479669 3992941.224320470355 3992941.224320470355 3992941.224320470355 3992941.224320470355 3992941.224320469890 3992941.224320460111 3992941.224320460111 3992941.224320460111 3992941.224320469890 3992941.224320469890 3992941.224320469890 3992941.224320469890 3992941.224320469890 3992941.224320469890 3992941.224320469890 3992941.224320460111 3992941.224320460111 3992941.224320460111 3992941.224320460111 3992941.224320460111 3992941.224320469890 3992941.224320469890 3992941.224320469890 3992941.224320460111 3992941.224320460111 3992941.224320469890 3992941.224320469890 3992941.224320460111 3992941.224320460111 3992941.224320469890 3992941.224320469890 3992941.224320469890 3992941.224320469890 3992941.224320469890 3992941.224320469890 3992941.224320469890 3992941.224320469890 3992941.224320470355 3992941.224320470355 3992941.224320469890 3992941.224320469890 3992941.224320479669 3992941.224320479669 3992941.224320469890
