9
5 0.000000000000 18.000000000000 32.000000000000 31.000000000000 35.000000000000 32.000000000000 54.000000000000 48.000000000000 39.000000000000
4 18.000000000000 0.000000000000 22.000000000000 21.000000000000 25.000000000000 22.000000000000 44.000000000000 38.000000000000 29.000000000000
3 32.000000000000 22.000000000000 0.000000000000 5.000000000000 23.000000000000 20.000000000000 42.000000000000 36.000000000000 27.000000000000
2 31.000000000000 21.000000000000 5.000000000000 0.000000000000 22.000000000000 19.000000000000 41.000000000000 35.000000000000 26.000000000000
 8 35.000000000000 25.000000000000 23.000000000000 22.000000000000 0.000000000000 9.000000000000 33.000000000000 27.000000000000 18.000000000000
1 32.000000000000 22.000000000000 20.000000000000 19.000000000000 9.000000000000 0.000000000000 30.000000000000 24.000000000000 15.000000000000
 7 54.000000000000 44.000000000000 42.000000000000 41.000000000000 33.000000000000 30.000000000000 0.000000000000 10.000000000000 17.000000000000
6 48.000000000000 38.000000000000 36.000000000000 35.000000000000 27.000000000000 24.000000000000 10.000000000000 0.000000000000 11.000000000000
0 39.000000000000 29.000000000000 27.000000000000 26.000000000000 18.000000000000 15.000000000000 17.000000000000 11.000000000000 0.000000000000
