10
7 0.000000000000 3843006.413140939549 3843006.413140939549 3843006.413140939549 3843006.413140939549 4000000.000000000000 4000000.000000010245 4000000.000000010245 4000000.000000010245 4000000.000000010245
10 3843006.413140939549 0.000000000000 1056387.776988399914 1215458.576208479935 1215458.576208479935 4000000.000000000000 4000000.000000009779 4000000.000000009779 4000000.000000009779 4000000.000000009779
8 3843006.413140939549 1056387.776988399914 0.000000000000 1215458.576208479935 1215458.576208479935 4000000.000000000000 4000000.000000009779 4000000.000000009779 4000000.000000009779 4000000.000000009779
9 3843006.413140939549 1215458.576208479935 1215458.576208479935 0.000000000000 283272.026129579986 4000000.000000000000 4000000.000000009779 4000000.000000009779 4000000.000000009779 4000000.000000009779
6 3843006.413140939549 1215458.576208479935 1215458.576208479935 283272.026129579986 0.000000000000 4000000.000000000000 4000000.000000009779 4000000.000000009779 4000000.000000009779 4000000.000000009779
3 4000000.000000000000 4000000.000000000000 4000000.000000000000 4000000.000000000000 4000000.000000000000 0.000000000000 2518125.620423570275 2518125.620423570275 2518125.620423570275 2518125.620423570275
2 4000000.000000010245 4000000.000000009779 4000000.000000009779 4000000.000000009779 4000000.000000009779 2518125.620423570275 0.000000000000 797558.675436220015 797558.675436220015 2163007.290622360073
1 4000000.000000010245 4000000.000000009779 4000000.000000009779 4000000.000000009779 4000000.000000009779 2518125.620423570275 797558.675436220015 0.000000000000 744536.898027159972 2163007.290622360073
4 4000000.000000010245 4000000.000000009779 4000000.000000009779 4000000.000000009779 4000000.000000009779 2518125.620423570275 797558.675436220015 744536.898027159972 0.000000000000 2163007.290622360073
5 4000000.000000010245 4000000.000000009779 4000000.000000009779 4000000.000000009779 4000000.000000009779 2518125.620423570275 2163007.290622360073 2163007.290622360073 2163007.290622360073 0.000000000000
