10
8 0.000000000000 2919679.231351359747 2919679.231351359747 2919679.231351359747 2919679.231351360213 2919679.231351360213 2919679.231351359747 3196078.817832080182 4000000.000000000000 4000000.000000000000
6 2919679.231351359747 0.000000000000 698484.612967920024 698484.612967920024 2370534.788030739874 2370534.788030739874 2370534.788030739874 3196078.817832079716 4000000.000000000000 4000000.000000000000
10 2919679.231351359747 698484.612967920024 0.000000000000 397144.838356819993 2370534.788030739874 2370534.788030739874 2370534.788030739874 3196078.817832079716 4000000.000000000000 4000000.000000000000
5 2919679.231351359747 698484.612967920024 397144.838356819993 0.000000000000 2370534.788030739874 2370534.788030739874 2370534.788030739874 3196078.817832079716 4000000.000000000000 4000000.000000000000
3 2919679.231351360213 2370534.788030739874 2370534.788030739874 2370534.788030739874 0.000000000000 1202762.149525240064 2238084.452223099768 3196078.817832080182 4000000.000000000000 4000000.000000000000
9 2919679.231351360213 2370534.788030739874 2370534.788030739874 2370534.788030739874 1202762.149525240064 0.000000000000 2238084.452223099768 3196078.817832080182 4000000.000000000000 4000000.000000000000
7 2919679.231351359747 2370534.788030739874 2370534.788030739874 2370534.788030739874 2238084.452223099768 2238084.452223099768 0.000000000000 3196078.817832079716 4000000.000000000000 4000000.000000000000
4 3196078.817832080182 3196078.817832079716 3196078.817832079716 3196078.817832079716 3196078.817832080182 3196078.817832080182 3196078.817832079716 0.000000000000 4000000.000000000000 4000000.000000000000
1 4000000.000000000000 4000000.000000000000 4000000.000000000000 4000000.000000000000 4000000.000000000000 4000000.000000000000 4000000.000000000000 4000000.000000000000 0.000000000000 2401006.315023980103
2 4000000.000000000000 4000000.000000000000 4000000.000000000000 4000000.000000000000 4000000.000000000000 4000000.000000000000 4000000.000000000000 4000000.000000000000 2401006.315023980103 0.000000000000
