10
10 0.0000 1056940.2033 4000000.0000 4000000.0000 4000000.0000 4000000.0000 4000000.0000 4000000.0000 4000000.0000 4000000.0000
9 1056940.2033 0.0000 4000000.0000 4000000.0000 4000000.0000 4000000.0000 4000000.0000 4000000.0000 4000000.0000 4000000.0000
5 4000000.0000 4000000.0000 0.0000 2415026.5525 2415026.5525 2415026.5525 2415026.5525 2415026.5525 2415026.5525 2415026.5525
4 4000000.0000 4000000.0000 2415026.5525 0.0000 2188079.8333 2188079.8333 2188079.8333 2188079.8333 2188079.8333 2188079.8333
1 4000000.0000 4000000.0000 2415026.5525 2188079.8333 0.0000 8713.7753 369814.5268 2177047.2483 2177047.2483 2177047.2483
6 4000000.0000 4000000.0000 2415026.5525 2188079.8333 8713.7753 0.0000 369814.5268 2177047.2483 2177047.2483 2177047.2483
3 4000000.0000 4000000.0000 2415026.5525 2188079.8333 369814.5268 369814.5268 0.0000 2177047.2483 2177047.2483 2177047.2483
8 4000000.0000 4000000.0000 2415026.5525 2188079.8333 2177047.2483 2177047.2483 2177047.2483 0.0000 1368643.5616 1368643.5616
2 4000000.0000 4000000.0000 2415026.5525 2188079.8333 2177047.2483 2177047.2483 2177047.2483 1368643.5616 0.0000 119404.1026
7 4000000.0000 4000000.0000 2415026.5525 2188079.8333 2177047.2483 2177047.2483 2177047.2483 1368643.5616 119404.1026 0.0000
