10
10 0.000000000000 961478.733112800051 4000000.000000000000 4000000.000000000000 4000000.000000010245 4000000.000000010245 4000000.000000010245 4000000.000000000000 4000000.000000000000 4000000.000000000000
9 961478.733112800051 0.000000000000 4000000.000000000000 4000000.000000000000 4000000.000000010245 4000000.000000010245 4000000.000000010245 4000000.000000000000 4000000.000000000000 4000000.000000000000
3 4000000.000000000000 4000000.000000000000 0.000000000000 1866151.810271220049 2719896.934212810360 2719896.934212810360 2719896.934212810360 3853777.206714079715 3853777.206714079715 3853777.206714079715
6 4000000.000000000000 4000000.000000000000 1866151.810271220049 0.000000000000 2719896.934212810360 2719896.934212810360 2719896.934212810360 3853777.206714079715 3853777.206714079715 3853777.206714079715
7 4000000.000000010245 4000000.000000010245 2719896.934212810360 2719896.934212810360 0.000000000000 2173923.009977320209 2324588.460877920035 3853777.206714089960 3853777.206714089960 3853777.206714089960
4 4000000.000000010245 4000000.000000010245 2719896.934212810360 2719896.934212810360 2173923.009977320209 0.000000000000 2324588.460877920035 3853777.206714089960 3853777.206714089960 3853777.206714089960
8 4000000.000000010245 4000000.000000010245 2719896.934212810360 2719896.934212810360 2324588.460877920035 2324588.460877920035 0.000000000000 3853777.206714089960 3853777.206714089960 3853777.206714089960
1 4000000.000000000000 4000000.000000000000 3853777.206714079715 3853777.206714079715 3853777.206714089960 3853777.206714089960 3853777.206714089960 0.000000000000 2609265.094356239773 2609265.094356239773
2 4000000.000000000000 4000000.000000000000 3853777.206714079715 3853777.206714079715 3853777.206714089960 3853777.206714089960 3853777.206714089960 2609265.094356239773 0.000000000000 421758.862936020014
5 4000000.000000000000 4000000.000000000000 3853777.206714079715 3853777.206714079715 3853777.206714089960 3853777.206714089960 3853777.206714089960 2609265.094356239773 421758.862936020014 0.000000000000
