10
10 0.000000000000 2607663.908589100000 2607663.908589100000 3372452.973188320175 3372452.973188320175 3428913.006364780013 4000000.000000000000 4000000.000000000000 4000000.000000000000 4000000.000000000000
5 2607663.908589100000 0.000000000000 2537300.467141199857 3372452.973188320175 3372452.973188320175 3428913.006364780013 4000000.000000000000 4000000.000000000000 4000000.000000000000 4000000.000000000000
8 2607663.908589100000 2537300.467141199857 0.000000000000 3372452.973188320175 3372452.973188320175 3428913.006364780013 4000000.000000000000 4000000.000000000000 4000000.000000000000 4000000.000000000000
9 3372452.973188320175 3372452.973188320175 3372452.973188320175 0.000000000000 2660744.229046899825 3428913.006364779547 4000000.000000000000 4000000.000000000000 4000000.000000000000 4000000.000000000000
6 3372452.973188320175 3372452.973188320175 3372452.973188320175 2660744.229046899825 0.000000000000 3428913.006364779547 4000000.000000000000 4000000.000000000000 4000000.000000000000 4000000.000000000000
7 3428913.006364780013 3428913.006364780013 3428913.006364780013 3428913.006364779547 3428913.006364779547 0.000000000000 4000000.000000000000 4000000.000000000000 4000000.000000000000 4000000.000000000000
1 4000000.000000000000 4000000.000000000000 4000000.000000000000 4000000.000000000000 4000000.000000000000 4000000.000000000000 0.000000000000 2325248.965400479734 2325248.965400479734 2796707.877574199811
3 4000000.000000000000 4000000.000000000000 4000000.000000000000 4000000.000000000000 4000000.000000000000 4000000.000000000000 2325248.965400479734 0.000000000000 1688394.502470799955 2796707.877574199811
4 4000000.000000000000 4000000.000000000000 4000000.000000000000 4000000.000000000000 4000000.000000000000 4000000.000000000000 2325248.965400479734 1688394.502470799955 0.000000000000 2796707.877574199811
2 4000000.000000000000 4000000.000000000000 4000000.000000000000 4000000.000000000000 4000000.000000000000 4000000.000000000000 2796707.877574199811 2796707.877574199811 2796707.877574199811 0.000000000000
