10
4 0.0000 3111002.5579 3111002.5579 3111002.5579 3111002.5579 3111002.5579 3111002.5579 3907967.1063 4000000.0000 4000000.0000
8 3111002.5579 0.0000 774840.9653 2858153.9729 2858153.9729 2858153.9729 2858153.9729 3907967.1063 4000000.0000 4000000.0000
6 3111002.5579 774840.9653 0.0000 2858153.9729 2858153.9729 2858153.9729 2858153.9729 3907967.1063 4000000.0000 4000000.0000
10 3111002.5579 2858153.9729 2858153.9729 0.0000 1980220.1193 1980220.1193 1980220.1193 3907967.1063 4000000.0000 4000000.0000
3 3111002.5579 2858153.9729 2858153.9729 1980220.1193 0.0000 847110.9656 847110.9656 3907967.1063 4000000.0000 4000000.0000
5 3111002.5579 2858153.9729 2858153.9729 1980220.1193 847110.9656 0.0000 77247.3918 3907967.1063 4000000.0000 4000000.0000
7 3111002.5579 2858153.9729 2858153.9729 1980220.1193 847110.9656 77247.3918 0.0000 3907967.1063 4000000.0000 4000000.0000
9 3907967.1063 3907967.1063 3907967.1063 3907967.1063 3907967.1063 3907967.1063 3907967.1063 0.0000 4000000.0000 4000000.0000
2 4000000.0000 4000000.0000 4000000.0000 4000000.0000 4000000.0000 4000000.0000 4000000.0000 4000000.0000 0.0000 1606685.4873
1 4000000.0000 4000000.0000 4000000.0000 4000000.0000 4000000.0000 4000000.0000 4000000.0000 4000000.0000 1606685.4873 0.0000
