10
9 0.000000000000 3902476.596659610048 3902476.596659610048 3902476.596659610048 3902476.596659619827 3902476.596659619827 4000000.000000000000 4000000.000000000000 4000000.000000010245 4000000.000000010245
7 3902476.596659610048 0.000000000000 1615549.842874899972 1615549.842874899972 1615549.842874909984 1615549.842874909984 3999999.999999989755 3999999.999999989755 4000000.000000000000 4000000.000000000000
5 3902476.596659610048 1615549.842874899972 0.000000000000 1008145.236483340035 1607205.276631789980 1607205.276631789980 3999999.999999989755 3999999.999999989755 4000000.000000000000 4000000.000000000000
6 3902476.596659610048 1615549.842874899972 1008145.236483340035 0.000000000000 1607205.276631789980 1607205.276631789980 3999999.999999989755 3999999.999999989755 4000000.000000000000 4000000.000000000000
8 3902476.596659619827 1615549.842874909984 1607205.276631789980 1607205.276631789980 0.000000000000 1522509.740579060046 4000000.000000000000 4000000.000000000000 4000000.000000010245 4000000.000000010245
10 3902476.596659619827 1615549.842874909984 1607205.276631789980 1607205.276631789980 1522509.740579060046 0.000000000000 4000000.000000000000 4000000.000000000000 4000000.000000010245 4000000.000000010245
2 4000000.000000000000 3999999.999999989755 3999999.999999989755 3999999.999999989755 4000000.000000000000 4000000.000000000000 0.000000000000 1308675.682964799926 3209762.521484290250 3209762.521484290250
4 4000000.000000000000 3999999.999999989755 3999999.999999989755 3999999.999999989755 4000000.000000000000 4000000.000000000000 1308675.682964799926 0.000000000000 3209762.521484290250 3209762.521484290250
1 4000000.000000010245 4000000.000000000000 4000000.000000000000 4000000.000000000000 4000000.000000010245 4000000.000000010245 3209762.521484290250 3209762.521484290250 0.000000000000 2813020.228684800211
3 4000000.000000010245 4000000.000000000000 4000000.000000000000 4000000.000000000000 4000000.000000010245 4000000.000000010245 3209762.521484290250 3209762.521484290250 2813020.228684800211 0.000000000000
