10
9 0.0000 3501063.8109 4000000.0000 4000000.0000 4000000.0000 4000000.0000 4000000.0000 4000000.0000 4000000.0000 4000000.0000
10 3501063.8109 0.0000 4000000.0000 4000000.0000 4000000.0000 4000000.0000 4000000.0000 4000000.0000 4000000.0000 4000000.0000
2 4000000.0000 4000000.0000 0.0000 1153627.1471 1153627.1471 3878657.7508 3878657.7508 3878657.7508 3878657.7508 3878657.7508
8 4000000.0000 4000000.0000 1153627.1471 0.0000 62656.2573 3878657.7508 3878657.7508 3878657.7508 3878657.7508 3878657.7508
7 4000000.0000 4000000.0000 1153627.1471 62656.2573 0.0000 3878657.7508 3878657.7508 3878657.7508 3878657.7508 3878657.7508
1 4000000.0000 4000000.0000 3878657.7508 3878657.7508 3878657.7508 0.0000 93057.5306 279806.7803 2484845.5105 2484845.5105
4 4000000.0000 4000000.0000 3878657.7508 3878657.7508 3878657.7508 93057.5306 0.0000 279806.7803 2484845.5105 2484845.5105
6 4000000.0000 4000000.0000 3878657.7508 3878657.7508 3878657.7508 279806.7803 279806.7803 0.0000 2484845.5105 2484845.5105
3 4000000.0000 4000000.0000 3878657.7508 3878657.7508 3878657.7508 2484845.5105 2484845.5105 2484845.5105 0.0000 2136486.6299
5 4000000.0000 4000000.0000 3878657.7508 3878657.7508 3878657.7508 2484845.5105 2484845.5105 2484845.5105 2136486.6299 0.0000
