10
10 0.0000 955019.7677 4000000.0000 4000000.0000 4000000.0000 4000000.0000 4000000.0000 4000000.0000 4000000.0000 4000000.0000
9 955019.7677 0.0000 4000000.0000 4000000.0000 4000000.0000 4000000.0000 4000000.0000 4000000.0000 4000000.0000 4000000.0000
8 4000000.0000 4000000.0000 0.0000 3547221.3523 3709926.6809 3709926.6809 3709926.6809 3709926.6809 3709926.6809 3709926.6809
7 4000000.0000 4000000.0000 3547221.3523 0.0000 3709926.6809 3709926.6809 3709926.6809 3709926.6809 3709926.6809 3709926.6809
4 4000000.0000 4000000.0000 3709926.6809 3709926.6809 0.0000 1492686.9445 3702488.5703 3702488.5703 3702488.5703 3702488.5703
5 4000000.0000 4000000.0000 3709926.6809 3709926.6809 1492686.9445 0.0000 3702488.5703 3702488.5703 3702488.5703 3702488.5703
1 4000000.0000 4000000.0000 3709926.6809 3709926.6809 3702488.5703 3702488.5703 0.0000 13162.9567 2749299.8591 2749299.8591
3 4000000.0000 4000000.0000 3709926.6809 3709926.6809 3702488.5703 3702488.5703 13162.9567 0.0000 2749299.8591 2749299.8591
6 4000000.0000 4000000.0000 3709926.6809 3709926.6809 3702488.5703 3702488.5703 2749299.8591 2749299.8591 0.0000 1909967.1208
2 4000000.0000 4000000.0000 3709926.6809 3709926.6809 3702488.5703 3702488.5703 2749299.8591 2749299.8591 1909967.1208 0.0000
