10
9 0.0000 3902476.5967 3902476.5967 3902476.5967 3902476.5967 3902476.5967 4000000.0000 4000000.0000 4000000.0000 4000000.0000
7 3902476.5967 0.0000 1615549.8429 1615549.8429 1615549.8429 1615549.8429 4000000.0000 4000000.0000 4000000.0000 4000000.0000
5 3902476.5967 1615549.8429 0.0000 1008145.2365 1607205.2766 1607205.2766 4000000.0000 4000000.0000 4000000.0000 4000000.0000
6 3902476.5967 1615549.8429 1008145.2365 0.0000 1607205.2766 1607205.2766 4000000.0000 4000000.0000 4000000.0000 4000000.0000
8 3902476.5967 1615549.8429 1607205.2766 1607205.2766 0.0000 1522509.7406 4000000.0000 4000000.0000 4000000.0000 4000000.0000
10 3902476.5967 1615549.8429 1607205.2766 1607205.2766 1522509.7406 0.0000 4000000.0000 4000000.0000 4000000.0000 4000000.0000
2 4000000.0000 4000000.0000 4000000.0000 4000000.0000 4000000.0000 4000000.0000 0.0000 1308675.6830 3209762.5215 3209762.5215
4 4000000.0000 4000000.0000 4000000.0000 4000000.0000 4000000.0000 4000000.0000 1308675.6830 0.0000 3209762.5215 3209762.5215
1 4000000.0000 4000000.0000 4000000.0000 4000000.0000 4000000.0000 4000000.0000 3209762.5215 3209762.5215 0.0000 2813020.2287
3 4000000.0000 4000000.0000 4000000.0000 4000000.0000 4000000.0000 4000000.0000 3209762.5215 3209762.5215 2813020.2287 0.0000
