10
10 0.0000 1455202.7766 1455202.7766 2898969.0630 2898969.0630 4000000.0000 4000000.0000 4000000.0000 4000000.0000 4000000.0000
6 1455202.7766 0.0000 53425.5456 2898969.0630 2898969.0630 4000000.0000 4000000.0000 4000000.0000 4000000.0000 4000000.0000
7 1455202.7766 53425.5456 0.0000 2898969.0630 2898969.0630 4000000.0000 4000000.0000 4000000.0000 4000000.0000 4000000.0000
8 2898969.0630 2898969.0630 2898969.0630 0.0000 772290.6491 4000000.0000 4000000.0000 4000000.0000 4000000.0000 4000000.0000
9 2898969.0630 2898969.0630 2898969.0630 772290.6491 0.0000 4000000.0000 4000000.0000 4000000.0000 4000000.0000 4000000.0000
5 4000000.0000 4000000.0000 4000000.0000 4000000.0000 4000000.0000 0.0000 2027990.4953 2027990.4953 2027990.4953 2713477.2456
2 4000000.0000 4000000.0000 4000000.0000 4000000.0000 4000000.0000 2027990.4953 0.0000 1267671.8888 1267671.8888 2713477.2456
3 4000000.0000 4000000.0000 4000000.0000 4000000.0000 4000000.0000 2027990.4953 1267671.8888 0.0000 992112.5773 2713477.2456
4 4000000.0000 4000000.0000 4000000.0000 4000000.0000 4000000.0000 2027990.4953 1267671.8888 992112.5773 0.0000 2713477.2456
1 4000000.0000 4000000.0000 4000000.0000 4000000.0000 4000000.0000 2713477.2456 2713477.2456 2713477.2456 2713477.2456 0.0000
