10
10 0.000000000000 955019.767684899969 4000000.000000000000 4000000.000000000000 4000000.000000000000 4000000.000000000000 3999999.999999989755 3999999.999999989755 4000000.000000000000 4000000.000000000000
9 955019.767684899969 0.000000000000 4000000.000000000000 4000000.000000000000 4000000.000000000000 4000000.000000000000 3999999.999999989755 3999999.999999989755 4000000.000000000000 4000000.000000000000
8 4000000.000000000000 4000000.000000000000 0.000000000000 3547221.352333080024 3709926.680939860176 3709926.680939860176 3709926.680939850397 3709926.680939850397 3709926.680939860176 3709926.680939860176
7 4000000.000000000000 4000000.000000000000 3547221.352333080024 0.000000000000 3709926.680939860176 3709926.680939860176 3709926.680939850397 3709926.680939850397 3709926.680939860176 3709926.680939860176
4 4000000.000000000000 4000000.000000000000 3709926.680939860176 3709926.680939860176 0.000000000000 1492686.944548740052 3702488.570348789915 3702488.570348789915 3702488.570348800160 3702488.570348800160
5 4000000.000000000000 4000000.000000000000 3709926.680939860176 3709926.680939860176 1492686.944548740052 0.000000000000 3702488.570348789915 3702488.570348789915 3702488.570348800160 3702488.570348800160
1 3999999.999999989755 3999999.999999989755 3709926.680939850397 3709926.680939850397 3702488.570348789915 3702488.570348789915 0.000000000000 13162.956652499999 2749299.859082950279 2749299.859082950279
3 3999999.999999989755 3999999.999999989755 3709926.680939850397 3709926.680939850397 3702488.570348789915 3702488.570348789915 13162.956652499999 0.000000000000 2749299.859082950279 2749299.859082950279
6 4000000.000000000000 4000000.000000000000 3709926.680939860176 3709926.680939860176 3702488.570348800160 3702488.570348800160 2749299.859082950279 2749299.859082950279 0.000000000000 1909967.120806799969
2 4000000.000000000000 4000000.000000000000 3709926.680939860176 3709926.680939860176 3702488.570348800160 3702488.570348800160 2749299.859082950279 2749299.859082950279 1909967.120806799969 0.000000000000
