10
9 0.0000 3498537.6054 3498537.6054 3498537.6054 3498537.6054 4000000.0000 4000000.0000 4000000.0000 4000000.0000 4000000.0000
8 3498537.6054 0.0000 112870.9016 933858.3557 933858.3557 4000000.0000 4000000.0000 4000000.0000 4000000.0000 4000000.0000
7 3498537.6054 112870.9016 0.0000 933858.3557 933858.3557 4000000.0000 4000000.0000 4000000.0000 4000000.0000 4000000.0000
6 3498537.6054 933858.3557 933858.3557 0.0000 415582.8981 4000000.0000 4000000.0000 4000000.0000 4000000.0000 4000000.0000
10 3498537.6054 933858.3557 933858.3557 415582.8981 0.0000 4000000.0000 4000000.0000 4000000.0000 4000000.0000 4000000.0000
5 4000000.0000 4000000.0000 4000000.0000 4000000.0000 4000000.0000 0.0000 2540207.3950 2540207.3950 3522420.6091 3522420.6091
3 4000000.0000 4000000.0000 4000000.0000 4000000.0000 4000000.0000 2540207.3950 0.0000 1996958.0884 3522420.6091 3522420.6091
4 4000000.0000 4000000.0000 4000000.0000 4000000.0000 4000000.0000 2540207.3950 1996958.0884 0.0000 3522420.6091 3522420.6091
1 4000000.0000 4000000.0000 4000000.0000 4000000.0000 4000000.0000 3522420.6091 3522420.6091 3522420.6091 0.0000 3021647.7248
2 4000000.0000 4000000.0000 4000000.0000 4000000.0000 4000000.0000 3522420.6091 3522420.6091 3522420.6091 3021647.7248 0.0000
