10
10 0.0000 3651540.5537 3651540.5537 3651540.5537 3651540.5537 3651540.5537 3651540.5537 3651540.5537 4000000.0000 4000000.0000
6 3651540.5537 0.0000 2685315.1469 2685315.1469 2685315.1469 2685315.1469 3632072.4535 3632072.4535 4000000.0000 4000000.0000
9 3651540.5537 2685315.1469 0.0000 2083303.7205 2083303.7205 2083303.7205 3632072.4535 3632072.4535 4000000.0000 4000000.0000
5 3651540.5537 2685315.1469 2083303.7205 0.0000 1460200.9302 1460200.9302 3632072.4535 3632072.4535 4000000.0000 4000000.0000
7 3651540.5537 2685315.1469 2083303.7205 1460200.9302 0.0000 775876.2548 3632072.4535 3632072.4535 4000000.0000 4000000.0000
3 3651540.5537 2685315.1469 2083303.7205 1460200.9302 775876.2548 0.0000 3632072.4535 3632072.4535 4000000.0000 4000000.0000
4 3651540.5537 3632072.4535 3632072.4535 3632072.4535 3632072.4535 3632072.4535 0.0000 3093096.9275 4000000.0000 4000000.0000
8 3651540.5537 3632072.4535 3632072.4535 3632072.4535 3632072.4535 3632072.4535 3093096.9275 0.0000 4000000.0000 4000000.0000
2 4000000.0000 4000000.0000 4000000.0000 4000000.0000 4000000.0000 4000000.0000 4000000.0000 4000000.0000 0.0000 846753.8382
1 4000000.0000 4000000.0000 4000000.0000 4000000.0000 4000000.0000 4000000.0000 4000000.0000 4000000.0000 846753.8382 0.0000
