10
9 0.0000 578001.8524 4000000.0000 4000000.0000 4000000.0000 4000000.0000 4000000.0000 4000000.0000 4000000.0000 4000000.0000
10 578001.8524 0.0000 4000000.0000 4000000.0000 4000000.0000 4000000.0000 4000000.0000 4000000.0000 4000000.0000 4000000.0000
6 4000000.0000 4000000.0000 0.0000 92633.5545 675343.8969 2554823.4834 3116985.3347 3116985.3347 3116985.3347 3116985.3347
7 4000000.0000 4000000.0000 92633.5545 0.0000 675343.8969 2554823.4834 3116985.3347 3116985.3347 3116985.3347 3116985.3347
2 4000000.0000 4000000.0000 675343.8969 675343.8969 0.0000 2554823.4834 3116985.3347 3116985.3347 3116985.3347 3116985.3347
1 4000000.0000 4000000.0000 2554823.4834 2554823.4834 2554823.4834 0.0000 3116985.3347 3116985.3347 3116985.3347 3116985.3347
8 4000000.0000 4000000.0000 3116985.3347 3116985.3347 3116985.3347 3116985.3347 0.0000 1781498.4755 1781498.4755 2131637.8149
5 4000000.0000 4000000.0000 3116985.3347 3116985.3347 3116985.3347 3116985.3347 1781498.4755 0.0000 827550.7307 2131637.8149
4 4000000.0000 4000000.0000 3116985.3347 3116985.3347 3116985.3347 3116985.3347 1781498.4755 827550.7307 0.0000 2131637.8149
3 4000000.0000 4000000.0000 3116985.3347 3116985.3347 3116985.3347 3116985.3347 2131637.8149 2131637.8149 2131637.8149 0.0000
