10
6 0.0000 3826663.6206 3826663.6206 3826663.6206 3826663.6206 3826663.6206 3826663.6206 3826663.6206 3826663.6206 4000000.0000
7 3826663.6206 0.0000 1754697.8220 2756055.4473 2756055.4473 2756055.4473 2756055.4473 2756055.4473 2756055.4473 4000000.0000
10 3826663.6206 1754697.8220 0.0000 2756055.4473 2756055.4473 2756055.4473 2756055.4473 2756055.4473 2756055.4473 4000000.0000
2 3826663.6206 2756055.4473 2756055.4473 0.0000 1744640.2060 1744640.2060 1744640.2060 2515183.5874 2515183.5874 4000000.0000
3 3826663.6206 2756055.4473 2756055.4473 1744640.2060 0.0000 325514.7455 740123.0021 2515183.5874 2515183.5874 4000000.0000
9 3826663.6206 2756055.4473 2756055.4473 1744640.2060 325514.7455 0.0000 740123.0021 2515183.5874 2515183.5874 4000000.0000
5 3826663.6206 2756055.4473 2756055.4473 1744640.2060 740123.0021 740123.0021 0.0000 2515183.5874 2515183.5874 4000000.0000
8 3826663.6206 2756055.4473 2756055.4473 2515183.5874 2515183.5874 2515183.5874 2515183.5874 0.0000 1280782.6718 4000000.0000
4 3826663.6206 2756055.4473 2756055.4473 2515183.5874 2515183.5874 2515183.5874 2515183.5874 1280782.6718 0.0000 4000000.0000
1 4000000.0000 4000000.0000 4000000.0000 4000000.0000 4000000.0000 4000000.0000 4000000.0000 4000000.0000 4000000.0000 0.0000
