10
9 0.000000000000 898804.481685079983 898804.481685079983 4000000.000000000000 4000000.000000000000 4000000.000000000000 4000000.000000000000 4000000.000000000000 4000000.000000000000 4000000.000000000000
8 898804.481685079983 0.000000000000 517077.872309179977 4000000.000000000000 4000000.000000000000 4000000.000000000000 4000000.000000000000 4000000.000000000000 4000000.000000000000 4000000.000000000000
10 898804.481685079983 517077.872309179977 0.000000000000 4000000.000000000000 4000000.000000000000 4000000.000000000000 4000000.000000000000 4000000.000000000000 4000000.000000000000 4000000.000000000000
6 4000000.000000000000 4000000.000000000000 4000000.000000000000 0.000000000000 2367406.878287619911 3795698.346499520354 3795698.346499520354 3795698.346499520354 3795698.346499520354 3795698.346499520354
5 4000000.000000000000 4000000.000000000000 4000000.000000000000 2367406.878287619911 0.000000000000 3795698.346499520354 3795698.346499520354 3795698.346499520354 3795698.346499520354 3795698.346499520354
4 4000000.000000000000 4000000.000000000000 4000000.000000000000 3795698.346499520354 3795698.346499520354 0.000000000000 3378443.246190260164 3378443.246190260164 3378443.246190260164 3378443.246190260164
3 4000000.000000000000 4000000.000000000000 4000000.000000000000 3795698.346499520354 3795698.346499520354 3378443.246190260164 0.000000000000 385786.157873780001 385786.157873780001 1104746.422805679962
7 4000000.000000000000 4000000.000000000000 4000000.000000000000 3795698.346499520354 3795698.346499520354 3378443.246190260164 385786.157873780001 0.000000000000 327345.609429300006 1104746.422805679962
2 4000000.000000000000 4000000.000000000000 4000000.000000000000 3795698.346499520354 3795698.346499520354 3378443.246190260164 385786.157873780001 327345.609429300006 0.000000000000 1104746.422805679962
1 4000000.000000000000 4000000.000000000000 4000000.000000000000 3795698.346499520354 3795698.346499520354 3378443.246190260164 1104746.422805679962 1104746.422805679962 1104746.422805679962 0.000000000000
