10
9 0.0000 139543.9170 832840.7992 4000000.0000 4000000.0000 4000000.0000 4000000.0000 4000000.0000 4000000.0000 4000000.0000
8 139543.9170 0.0000 832840.7992 4000000.0000 4000000.0000 4000000.0000 4000000.0000 4000000.0000 4000000.0000 4000000.0000
10 832840.7992 832840.7992 0.0000 4000000.0000 4000000.0000 4000000.0000 4000000.0000 4000000.0000 4000000.0000 4000000.0000
5 4000000.0000 4000000.0000 4000000.0000 0.0000 1462599.8049 1462599.8049 2349957.0701 3330439.2308 3330439.2308 3330439.2308
3 4000000.0000 4000000.0000 4000000.0000 1462599.8049 0.0000 221935.5557 2349957.0701 3330439.2308 3330439.2308 3330439.2308
4 4000000.0000 4000000.0000 4000000.0000 1462599.8049 221935.5557 0.0000 2349957.0701 3330439.2308 3330439.2308 3330439.2308
6 4000000.0000 4000000.0000 4000000.0000 2349957.0701 2349957.0701 2349957.0701 0.0000 3330439.2308 3330439.2308 3330439.2308
1 4000000.0000 4000000.0000 4000000.0000 3330439.2308 3330439.2308 3330439.2308 3330439.2308 0.0000 1423914.8831 1423914.8831
2 4000000.0000 4000000.0000 4000000.0000 3330439.2308 3330439.2308 3330439.2308 3330439.2308 1423914.8831 0.0000 585901.7948
7 4000000.0000 4000000.0000 4000000.0000 3330439.2308 3330439.2308 3330439.2308 3330439.2308 1423914.8831 585901.7948 0.0000
