10
7 0.000000000000 2963143.617855039891 3967185.662013900001 3967185.662013900001 4000000.000000000000 4000000.000000000000 4000000.000000000000 4000000.000000000000 4000000.000000000000 4000000.000000000000
9 2963143.617855039891 0.000000000000 3967185.662013900001 3967185.662013900001 4000000.000000000000 4000000.000000000000 4000000.000000000000 4000000.000000000000 4000000.000000000000 4000000.000000000000
8 3967185.662013900001 3967185.662013900001 0.000000000000 873424.337008159957 4000000.000000000000 4000000.000000000000 4000000.000000000000 4000000.000000000000 4000000.000000000000 4000000.000000000000
10 3967185.662013900001 3967185.662013900001 873424.337008159957 0.000000000000 4000000.000000000000 4000000.000000000000 4000000.000000000000 4000000.000000000000 4000000.000000000000 4000000.000000000000
3 4000000.000000000000 4000000.000000000000 4000000.000000000000 4000000.000000000000 0.000000000000 3048419.456322399899 3048419.456322399899 3048419.456322399899 3431307.938154899981 3431307.938154899981
4 4000000.000000000000 4000000.000000000000 4000000.000000000000 4000000.000000000000 3048419.456322399899 0.000000000000 418831.354672619957 418831.354672619957 3431307.938154899981 3431307.938154899981
2 4000000.000000000000 4000000.000000000000 4000000.000000000000 4000000.000000000000 3048419.456322399899 418831.354672619957 0.000000000000 259207.800951059995 3431307.938154899981 3431307.938154899981
5 4000000.000000000000 4000000.000000000000 4000000.000000000000 4000000.000000000000 3048419.456322399899 418831.354672619957 259207.800951059995 0.000000000000 3431307.938154899981 3431307.938154899981
1 4000000.000000000000 4000000.000000000000 4000000.000000000000 4000000.000000000000 3431307.938154899981 3431307.938154899981 3431307.938154899981 3431307.938154899981 0.000000000000 169199.314893319999
6 4000000.000000000000 4000000.000000000000 4000000.000000000000 4000000.000000000000 3431307.938154899981 3431307.938154899981 3431307.938154899981 3431307.938154899981 169199.314893319999 0.000000000000
