10
8 0.000000000000 1961607.008452380076 3708448.798002360389 3708448.798002360389 4000000.000000000000 4000000.000000000000 4000000.000000000466 4000000.000000000466 4000000.000000000000 4000000.000000000000
7 1961607.008452380076 0.000000000000 3708448.798002360389 3708448.798002360389 4000000.000000000000 4000000.000000000000 4000000.000000000466 4000000.000000000466 4000000.000000000000 4000000.000000000000
9 3708448.798002360389 3708448.798002360389 0.000000000000 976433.742150180042 4000000.000000000000 4000000.000000000000 4000000.000000000000 4000000.000000000000 4000000.000000000000 4000000.000000000000
10 3708448.798002360389 3708448.798002360389 976433.742150180042 0.000000000000 4000000.000000000000 4000000.000000000000 4000000.000000000000 4000000.000000000000 4000000.000000000000 4000000.000000000000
5 4000000.000000000000 4000000.000000000000 4000000.000000000000 4000000.000000000000 0.000000000000 138853.792395760014 3590371.369166960008 3590371.369166960008 3590371.369166960008 3590371.369166960008
6 4000000.000000000000 4000000.000000000000 4000000.000000000000 4000000.000000000000 138853.792395760014 0.000000000000 3590371.369166960008 3590371.369166960008 3590371.369166960008 3590371.369166960008
2 4000000.000000000466 4000000.000000000466 4000000.000000000000 4000000.000000000000 3590371.369166960008 3590371.369166960008 0.000000000000 2534198.583117680158 2640517.622750620358 2640517.622750620358
1 4000000.000000000466 4000000.000000000466 4000000.000000000000 4000000.000000000000 3590371.369166960008 3590371.369166960008 2534198.583117680158 0.000000000000 2640517.622750620358 2640517.622750620358
3 4000000.000000000000 4000000.000000000000 4000000.000000000000 4000000.000000000000 3590371.369166960008 3590371.369166960008 2640517.622750620358 2640517.622750620358 0.000000000000 2436536.320575859863
4 4000000.000000000000 4000000.000000000000 4000000.000000000000 4000000.000000000000 3590371.369166960008 3590371.369166960008 2640517.622750620358 2640517.622750620358 2436536.320575859863 0.000000000000
