10
10 0.0000 961478.7331 4000000.0000 4000000.0000 4000000.0000 4000000.0000 4000000.0000 4000000.0000 4000000.0000 4000000.0000
9 961478.7331 0.0000 4000000.0000 4000000.0000 4000000.0000 4000000.0000 4000000.0000 4000000.0000 4000000.0000 4000000.0000
3 4000000.0000 4000000.0000 0.0000 1866151.8103 2719896.9342 2719896.9342 2719896.9342 3853777.2067 3853777.2067 3853777.2067
6 4000000.0000 4000000.0000 1866151.8103 0.0000 2719896.9342 2719896.9342 2719896.9342 3853777.2067 3853777.2067 3853777.2067
7 4000000.0000 4000000.0000 2719896.9342 2719896.9342 0.0000 2173923.0100 2324588.4609 3853777.2067 3853777.2067 3853777.2067
4 4000000.0000 4000000.0000 2719896.9342 2719896.9342 2173923.0100 0.0000 2324588.4609 3853777.2067 3853777.2067 3853777.2067
8 4000000.0000 4000000.0000 2719896.9342 2719896.9342 2324588.4609 2324588.4609 0.0000 3853777.2067 3853777.2067 3853777.2067
1 4000000.0000 4000000.0000 3853777.2067 3853777.2067 3853777.2067 3853777.2067 3853777.2067 0.0000 2609265.0944 2609265.0944
2 4000000.0000 4000000.0000 3853777.2067 3853777.2067 3853777.2067 3853777.2067 3853777.2067 2609265.0944 0.0000 421758.8629
5 4000000.0000 4000000.0000 3853777.2067 3853777.2067 3853777.2067 3853777.2067 3853777.2067 2609265.0944 421758.8629 0.0000
