10
8 0.0000 152141.7783 3978121.3288 3978121.3288 3978121.3288 4000000.0000 4000000.0000 4000000.0000 4000000.0000 4000000.0000
7 152141.7783 0.0000 3978121.3288 3978121.3288 3978121.3288 4000000.0000 4000000.0000 4000000.0000 4000000.0000 4000000.0000
6 3978121.3288 3978121.3288 0.0000 3976562.0450 3976562.0450 4000000.0000 4000000.0000 4000000.0000 4000000.0000 4000000.0000
10 3978121.3288 3978121.3288 3976562.0450 0.0000 3204973.9769 4000000.0000 4000000.0000 4000000.0000 4000000.0000 4000000.0000
9 3978121.3288 3978121.3288 3976562.0450 3204973.9769 0.0000 4000000.0000 4000000.0000 4000000.0000 4000000.0000 4000000.0000
4 4000000.0000 4000000.0000 4000000.0000 4000000.0000 4000000.0000 0.0000 524471.6757 2012630.1721 3635313.1020 3635313.1020
1 4000000.0000 4000000.0000 4000000.0000 4000000.0000 4000000.0000 524471.6757 0.0000 2012630.1721 3635313.1020 3635313.1020
5 4000000.0000 4000000.0000 4000000.0000 4000000.0000 4000000.0000 2012630.1721 2012630.1721 0.0000 3635313.1020 3635313.1020
2 4000000.0000 4000000.0000 4000000.0000 4000000.0000 4000000.0000 3635313.1020 3635313.1020 3635313.1020 0.0000 2291629.1449
3 4000000.0000 4000000.0000 4000000.0000 4000000.0000 4000000.0000 3635313.1020 3635313.1020 3635313.1020 2291629.1449 0.0000
