10
9 0.000000000000 2726645.952209100127 2726645.952209100127 2726645.952209100127 3544341.771949999966 4000000.000000000000 4000000.000000000000 3999999.999999989755 4000000.000000000000 4000000.000000000000
6 2726645.952209100127 0.000000000000 2052232.204055760056 2052232.204055760056 3544341.771949999966 4000000.000000000000 4000000.000000000000 3999999.999999989755 4000000.000000000000 4000000.000000000000
10 2726645.952209100127 2052232.204055760056 0.000000000000 1691287.035417940002 3544341.771949999966 4000000.000000000000 4000000.000000000000 3999999.999999989755 4000000.000000000000 4000000.000000000000
8 2726645.952209100127 2052232.204055760056 1691287.035417940002 0.000000000000 3544341.771949999966 4000000.000000000000 4000000.000000000000 3999999.999999989755 4000000.000000000000 4000000.000000000000
7 3544341.771949999966 3544341.771949999966 3544341.771949999966 3544341.771949999966 0.000000000000 4000000.000000000000 4000000.000000000000 3999999.999999989755 4000000.000000000000 4000000.000000000000
2 4000000.000000000000 4000000.000000000000 4000000.000000000000 4000000.000000000000 4000000.000000000000 0.000000000000 1534374.745455899974 1972441.169918129919 1972441.169918139931 1972441.169918139931
4 4000000.000000000000 4000000.000000000000 4000000.000000000000 4000000.000000000000 4000000.000000000000 1534374.745455899974 0.000000000000 1972441.169918129919 1972441.169918139931 1972441.169918139931
3 3999999.999999989755 3999999.999999989755 3999999.999999989755 3999999.999999989755 3999999.999999989755 1972441.169918129919 1972441.169918129919 0.000000000000 937364.599870889913 937364.599870889913
1 4000000.000000000000 4000000.000000000000 4000000.000000000000 4000000.000000000000 4000000.000000000000 1972441.169918139931 1972441.169918139931 937364.599870889913 0.000000000000 733251.474319639965
5 4000000.000000000000 4000000.000000000000 4000000.000000000000 4000000.000000000000 4000000.000000000000 1972441.169918139931 1972441.169918139931 937364.599870889913 733251.474319639965 0.000000000000
