10
9 0.0000 247132.8543 4000000.0000 4000000.0000 4000000.0000 4000000.0000 4000000.0000 4000000.0000 4000000.0000 4000000.0000
10 247132.8543 0.0000 4000000.0000 4000000.0000 4000000.0000 4000000.0000 4000000.0000 4000000.0000 4000000.0000 4000000.0000
3 4000000.0000 4000000.0000 0.0000 3396001.0121 3396001.0121 3396001.0121 3396001.0121 3396001.0121 3396001.0121 3396001.0121
1 4000000.0000 4000000.0000 3396001.0121 0.0000 1968649.8729 1968649.8729 1968649.8729 1968649.8729 2948392.9680 2948392.9680
4 4000000.0000 4000000.0000 3396001.0121 1968649.8729 0.0000 243353.9825 1057393.0153 1057393.0153 2948392.9680 2948392.9680
6 4000000.0000 4000000.0000 3396001.0121 1968649.8729 243353.9825 0.0000 1057393.0153 1057393.0153 2948392.9680 2948392.9680
2 4000000.0000 4000000.0000 3396001.0121 1968649.8729 1057393.0153 1057393.0153 0.0000 507741.2618 2948392.9680 2948392.9680
5 4000000.0000 4000000.0000 3396001.0121 1968649.8729 1057393.0153 1057393.0153 507741.2618 0.0000 2948392.9680 2948392.9680
8 4000000.0000 4000000.0000 3396001.0121 2948392.9680 2948392.9680 2948392.9680 2948392.9680 2948392.9680 0.0000 2299872.0155
7 4000000.0000 4000000.0000 3396001.0121 2948392.9680 2948392.9680 2948392.9680 2948392.9680 2948392.9680 2299872.0155 0.0000
