10
3 0.0000 2319317.7106 3763109.0615 3763109.0615 3763109.0615 3763109.0615 3763109.0615 3763109.0615 3763109.0615 4000000.0000
10 2319317.7106 0.0000 3763109.0615 3763109.0615 3763109.0615 3763109.0615 3763109.0615 3763109.0615 3763109.0615 4000000.0000
9 3763109.0615 3763109.0615 0.0000 858940.5088 1314204.6011 3160789.0976 3199560.7567 3199560.7567 3199560.7567 4000000.0000
7 3763109.0615 3763109.0615 858940.5088 0.0000 1314204.6011 3160789.0976 3199560.7567 3199560.7567 3199560.7567 4000000.0000
8 3763109.0615 3763109.0615 1314204.6011 1314204.6011 0.0000 3160789.0976 3199560.7567 3199560.7567 3199560.7567 4000000.0000
5 3763109.0615 3763109.0615 3160789.0976 3160789.0976 3160789.0976 0.0000 3199560.7567 3199560.7567 3199560.7567 4000000.0000
6 3763109.0615 3763109.0615 3199560.7567 3199560.7567 3199560.7567 3199560.7567 0.0000 115049.4489 2091391.6059 4000000.0000
2 3763109.0615 3763109.0615 3199560.7567 3199560.7567 3199560.7567 3199560.7567 115049.4489 0.0000 2091391.6059 4000000.0000
4 3763109.0615 3763109.0615 3199560.7567 3199560.7567 3199560.7567 3199560.7567 2091391.6059 2091391.6059 0.0000 4000000.0000
1 4000000.0000 4000000.0000 4000000.0000 4000000.0000 4000000.0000 4000000.0000 4000000.0000 4000000.0000 4000000.0000 0.0000
