10
10 0.000000000000 2150442.941822919995 2150442.941822919995 2330723.873293260112 2330723.873293260112 4000000.000000000000 4000000.000000000000 4000000.000000000000 4000000.000000000000 4000000.000000000000
6 2150442.941822919995 0.000000000000 1389072.782701340038 2330723.873293260112 2330723.873293260112 4000000.000000000000 4000000.000000000000 4000000.000000000000 4000000.000000000000 4000000.000000000000
9 2150442.941822919995 1389072.782701340038 0.000000000000 2330723.873293260112 2330723.873293260112 4000000.000000000000 4000000.000000000000 4000000.000000000000 4000000.000000000000 4000000.000000000000
7 2330723.873293260112 2330723.873293260112 2330723.873293260112 0.000000000000 630546.866220899974 4000000.000000000000 4000000.000000000000 4000000.000000000000 4000000.000000000000 4000000.000000000000
8 2330723.873293260112 2330723.873293260112 2330723.873293260112 630546.866220899974 0.000000000000 4000000.000000000000 4000000.000000000000 4000000.000000000000 4000000.000000000000 4000000.000000000000
5 4000000.000000000000 4000000.000000000000 4000000.000000000000 4000000.000000000000 4000000.000000000000 0.000000000000 784859.289599139942 2639663.228198220022 2791529.046468200162 2791529.046468200162
4 4000000.000000000000 4000000.000000000000 4000000.000000000000 4000000.000000000000 4000000.000000000000 784859.289599139942 0.000000000000 2639663.228198220022 2791529.046468200162 2791529.046468200162
2 4000000.000000000000 4000000.000000000000 4000000.000000000000 4000000.000000000000 4000000.000000000000 2639663.228198220022 2639663.228198220022 0.000000000000 2791529.046468200162 2791529.046468200162
3 4000000.000000000000 4000000.000000000000 4000000.000000000000 4000000.000000000000 4000000.000000000000 2791529.046468200162 2791529.046468200162 2791529.046468200162 0.000000000000 950000.018376940046
1 4000000.000000000000 4000000.000000000000 4000000.000000000000 4000000.000000000000 4000000.000000000000 2791529.046468200162 2791529.046468200162 2791529.046468200162 950000.018376940046 0.000000000000
