10
9 0.0000 2726645.9522 2726645.9522 2726645.9522 3544341.7719 4000000.0000 4000000.0000 4000000.0000 4000000.0000 4000000.0000
6 2726645.9522 0.0000 2052232.2041 2052232.2041 3544341.7719 4000000.0000 4000000.0000 4000000.0000 4000000.0000 4000000.0000
10 2726645.9522 2052232.2041 0.0000 1691287.0354 3544341.7719 4000000.0000 4000000.0000 4000000.0000 4000000.0000 4000000.0000
8 2726645.9522 2052232.2041 1691287.0354 0.0000 3544341.7719 4000000.0000 4000000.0000 4000000.0000 4000000.0000 4000000.0000
7 3544341.7719 3544341.7719 3544341.7719 3544341.7719 0.0000 4000000.0000 4000000.0000 4000000.0000 4000000.0000 4000000.0000
2 4000000.0000 4000000.0000 4000000.0000 4000000.0000 4000000.0000 0.0000 1534374.7455 1972441.1699 1972441.1699 1972441.1699
4 4000000.0000 4000000.0000 4000000.0000 4000000.0000 4000000.0000 1534374.7455 0.0000 1972441.1699 1972441.1699 1972441.1699
3 4000000.0000 4000000.0000 4000000.0000 4000000.0000 4000000.0000 1972441.1699 1972441.1699 0.0000 937364.5999 937364.5999
1 4000000.0000 4000000.0000 4000000.0000 4000000.0000 4000000.0000 1972441.1699 1972441.1699 937364.5999 0.0000 733251.4743
5 4000000.0000 4000000.0000 4000000.0000 4000000.0000 4000000.0000 1972441.1699 1972441.1699 937364.5999 733251.4743 0.0000
