10
9 0.0000 2623018.6238 3920673.0279 4000000.0000 4000000.0000 4000000.0000 4000000.0000 4000000.0000 4000000.0000 4000000.0000
10 2623018.6238 0.0000 3920673.0279 4000000.0000 4000000.0000 4000000.0000 4000000.0000 4000000.0000 4000000.0000 4000000.0000
8 3920673.0279 3920673.0279 0.0000 4000000.0000 4000000.0000 4000000.0000 4000000.0000 4000000.0000 4000000.0000 4000000.0000
5 4000000.0000 4000000.0000 4000000.0000 0.0000 168477.6552 3325277.0456 3982580.3388 3982580.3388 3982580.3388 3982580.3388
3 4000000.0000 4000000.0000 4000000.0000 168477.6552 0.0000 3325277.0456 3982580.3388 3982580.3388 3982580.3388 3982580.3388
7 4000000.0000 4000000.0000 4000000.0000 3325277.0456 3325277.0456 0.0000 3982580.3388 3982580.3388 3982580.3388 3982580.3388
1 4000000.0000 4000000.0000 4000000.0000 3982580.3388 3982580.3388 3982580.3388 0.0000 764233.8909 764233.8909 1151195.6616
2 4000000.0000 4000000.0000 4000000.0000 3982580.3388 3982580.3388 3982580.3388 764233.8909 0.0000 387309.4645 1151195.6616
6 4000000.0000 4000000.0000 4000000.0000 3982580.3388 3982580.3388 3982580.3388 764233.8909 387309.4645 0.0000 1151195.6616
4 4000000.0000 4000000.0000 4000000.0000 3982580.3388 3982580.3388 3982580.3388 1151195.6616 1151195.6616 1151195.6616 0.0000
