10
9 0.000000000000 3501063.810862639919 3999999.999999989755 3999999.999999989755 3999999.999999989755 4000000.000000000000 4000000.000000000000 3999999.999999989755 3999999.999999989755 3999999.999999989755
10 3501063.810862639919 0.000000000000 3999999.999999989755 3999999.999999989755 3999999.999999989755 4000000.000000000000 4000000.000000000000 3999999.999999989755 3999999.999999989755 3999999.999999989755
2 3999999.999999989755 3999999.999999989755 0.000000000000 1153627.147088519996 1153627.147088519996 3878657.750821109861 3878657.750821109861 3878657.750821099617 3878657.750821099617 3878657.750821099617
8 3999999.999999989755 3999999.999999989755 1153627.147088519996 0.000000000000 62656.257321120000 3878657.750821109861 3878657.750821109861 3878657.750821099617 3878657.750821099617 3878657.750821099617
7 3999999.999999989755 3999999.999999989755 1153627.147088519996 62656.257321120000 0.000000000000 3878657.750821109861 3878657.750821109861 3878657.750821099617 3878657.750821099617 3878657.750821099617
1 4000000.000000000000 4000000.000000000000 3878657.750821109861 3878657.750821109861 3878657.750821109861 0.000000000000 93057.530551179996 279806.780301310006 2484845.510520589538 2484845.510520589538
4 4000000.000000000000 4000000.000000000000 3878657.750821109861 3878657.750821109861 3878657.750821109861 93057.530551179996 0.000000000000 279806.780301310006 2484845.510520589538 2484845.510520589538
6 3999999.999999989755 3999999.999999989755 3878657.750821099617 3878657.750821099617 3878657.750821099617 279806.780301310006 279806.780301310006 0.000000000000 2484845.510520579759 2484845.510520579759
3 3999999.999999989755 3999999.999999989755 3878657.750821099617 3878657.750821099617 3878657.750821099617 2484845.510520589538 2484845.510520589538 2484845.510520579759 0.000000000000 2136486.629864399787
5 3999999.999999989755 3999999.999999989755 3878657.750821099617 3878657.750821099617 3878657.750821099617 2484845.510520589538 2484845.510520589538 2484845.510520579759 2136486.629864399787 0.000000000000
