10
7 0.000000000000 3398425.447399130091 3398425.447399130091 3398425.447399119847 3398425.447399119847 3398425.447399119847 4000000.000000000000 4000000.000000000000 4000000.000000000000 4000000.000000000000
9 3398425.447399130091 0.000000000000 1273658.303094940027 3263242.203977310099 3263242.203977310099 3263242.203977310099 4000000.000000010245 4000000.000000010245 4000000.000000010245 4000000.000000010245
6 3398425.447399130091 1273658.303094940027 0.000000000000 3263242.203977310099 3263242.203977310099 3263242.203977310099 4000000.000000010245 4000000.000000010245 4000000.000000010245 4000000.000000010245
10 3398425.447399119847 3263242.203977310099 3263242.203977310099 0.000000000000 2233636.231759599876 2233636.231759599876 4000000.000000000000 4000000.000000000000 4000000.000000000000 4000000.000000000000
5 3398425.447399119847 3263242.203977310099 3263242.203977310099 2233636.231759599876 0.000000000000 1653712.285284959944 4000000.000000000000 4000000.000000000000 4000000.000000000000 4000000.000000000000
8 3398425.447399119847 3263242.203977310099 3263242.203977310099 2233636.231759599876 1653712.285284959944 0.000000000000 4000000.000000000000 4000000.000000000000 4000000.000000000000 4000000.000000000000
2 4000000.000000000000 4000000.000000010245 4000000.000000010245 4000000.000000000000 4000000.000000000000 4000000.000000000000 0.000000000000 893126.511511320015 893126.511511320015 1984084.328515759902
1 4000000.000000000000 4000000.000000010245 4000000.000000010245 4000000.000000000000 4000000.000000000000 4000000.000000000000 893126.511511320015 0.000000000000 472452.094886340026 1984084.328515759902
4 4000000.000000000000 4000000.000000010245 4000000.000000010245 4000000.000000000000 4000000.000000000000 4000000.000000000000 893126.511511320015 472452.094886340026 0.000000000000 1984084.328515759902
3 4000000.000000000000 4000000.000000010245 4000000.000000010245 4000000.000000000000 4000000.000000000000 4000000.000000000000 1984084.328515759902 1984084.328515759902 1984084.328515759902 0.000000000000
