10
9 0.000000000000 139543.916973799991 832840.799184409901 4000000.000000009779 4000000.000000009779 4000000.000000009779 4000000.000000009779 4000000.000000009779 4000000.000000009779 4000000.000000009779
8 139543.916973799991 0.000000000000 832840.799184409901 4000000.000000009779 4000000.000000009779 4000000.000000009779 4000000.000000009779 4000000.000000009779 4000000.000000009779 4000000.000000009779
10 832840.799184409901 832840.799184409901 0.000000000000 4000000.000000000000 4000000.000000000000 4000000.000000000000 4000000.000000000000 4000000.000000000000 4000000.000000000000 4000000.000000000000
5 4000000.000000009779 4000000.000000009779 4000000.000000000000 0.000000000000 1462599.804897960043 1462599.804897960043 2349957.070078140125 3330439.230827620253 3330439.230827620253 3330439.230827620253
3 4000000.000000009779 4000000.000000009779 4000000.000000000000 1462599.804897960043 0.000000000000 221935.555748840008 2349957.070078140125 3330439.230827620253 3330439.230827620253 3330439.230827620253
4 4000000.000000009779 4000000.000000009779 4000000.000000000000 1462599.804897960043 221935.555748840008 0.000000000000 2349957.070078140125 3330439.230827620253 3330439.230827620253 3330439.230827620253
6 4000000.000000009779 4000000.000000009779 4000000.000000000000 2349957.070078140125 2349957.070078140125 2349957.070078140125 0.000000000000 3330439.230827620253 3330439.230827620253 3330439.230827620253
1 4000000.000000009779 4000000.000000009779 4000000.000000000000 3330439.230827620253 3330439.230827620253 3330439.230827620253 3330439.230827620253 0.000000000000 1423914.883074460085 1423914.883074460085
2 4000000.000000009779 4000000.000000009779 4000000.000000000000 3330439.230827620253 3330439.230827620253 3330439.230827620253 3330439.230827620253 1423914.883074460085 0.000000000000 585901.794817460002
7 4000000.000000009779 4000000.000000009779 4000000.000000000000 3330439.230827620253 3330439.230827620253 3330439.230827620253 3330439.230827620253 1423914.883074460085 585901.794817460002 0.000000000000
