10
7 0.0000 996662.7081 1872959.3589 2198375.6597 3748496.6020 3748496.6020 4000000.0000 4000000.0000 4000000.0000 4000000.0000
8 996662.7081 0.0000 1872959.3589 2198375.6597 3748496.6020 3748496.6020 4000000.0000 4000000.0000 4000000.0000 4000000.0000
5 1872959.3589 1872959.3589 0.0000 2198375.6597 3748496.6020 3748496.6020 4000000.0000 4000000.0000 4000000.0000 4000000.0000
10 2198375.6597 2198375.6597 2198375.6597 0.0000 3748496.6020 3748496.6020 4000000.0000 4000000.0000 4000000.0000 4000000.0000
6 3748496.6020 3748496.6020 3748496.6020 3748496.6020 0.0000 1911083.4477 4000000.0000 4000000.0000 4000000.0000 4000000.0000
9 3748496.6020 3748496.6020 3748496.6020 3748496.6020 1911083.4477 0.0000 4000000.0000 4000000.0000 4000000.0000 4000000.0000
2 4000000.0000 4000000.0000 4000000.0000 4000000.0000 4000000.0000 4000000.0000 0.0000 1343302.9101 2647754.8546 2900050.1729
4 4000000.0000 4000000.0000 4000000.0000 4000000.0000 4000000.0000 4000000.0000 1343302.9101 0.0000 2647754.8546 2900050.1729
3 4000000.0000 4000000.0000 4000000.0000 4000000.0000 4000000.0000 4000000.0000 2647754.8546 2647754.8546 0.0000 2900050.1729
1 4000000.0000 4000000.0000 4000000.0000 4000000.0000 4000000.0000 4000000.0000 2900050.1729 2900050.1729 2900050.1729 0.0000
