10
4 0.0000 2592194.5203 2592194.5203 3982501.4898 3982501.4898 3982501.4898 3982501.4898 3982501.4898 4000000.0000 4000000.0000
3 2592194.5203 0.0000 1174244.5103 3982501.4898 3982501.4898 3982501.4898 3982501.4898 3982501.4898 4000000.0000 4000000.0000
9 2592194.5203 1174244.5103 0.0000 3982501.4898 3982501.4898 3982501.4898 3982501.4898 3982501.4898 4000000.0000 4000000.0000
6 3982501.4898 3982501.4898 3982501.4898 0.0000 2899200.8609 2899200.8609 2899200.8609 3568620.1672 4000000.0000 4000000.0000
10 3982501.4898 3982501.4898 3982501.4898 2899200.8609 0.0000 936379.6848 2634573.8360 3568620.1672 4000000.0000 4000000.0000
5 3982501.4898 3982501.4898 3982501.4898 2899200.8609 936379.6848 0.0000 2634573.8360 3568620.1672 4000000.0000 4000000.0000
8 3982501.4898 3982501.4898 3982501.4898 2899200.8609 2634573.8360 2634573.8360 0.0000 3568620.1672 4000000.0000 4000000.0000
7 3982501.4898 3982501.4898 3982501.4898 3568620.1672 3568620.1672 3568620.1672 3568620.1672 0.0000 4000000.0000 4000000.0000
2 4000000.0000 4000000.0000 4000000.0000 4000000.0000 4000000.0000 4000000.0000 4000000.0000 4000000.0000 0.0000 1897331.5657
1 4000000.0000 4000000.0000 4000000.0000 4000000.0000 4000000.0000 4000000.0000 4000000.0000 4000000.0000 1897331.5657 0.0000
