10
9 0.0000 60553.4043 4000000.0000 4000000.0000 4000000.0000 4000000.0000 4000000.0000 4000000.0000 4000000.0000 4000000.0000
10 60553.4043 0.0000 4000000.0000 4000000.0000 4000000.0000 4000000.0000 4000000.0000 4000000.0000 4000000.0000 4000000.0000
7 4000000.0000 4000000.0000 0.0000 3091814.6128 3091814.6128 3091814.6128 3091814.6128 3091814.6128 3091814.6128 3091814.6128
2 4000000.0000 4000000.0000 3091814.6128 0.0000 1469752.9104 2591905.4333 2591905.4333 2591905.4333 2591905.4333 2667654.7370
3 4000000.0000 4000000.0000 3091814.6128 1469752.9104 0.0000 2591905.4333 2591905.4333 2591905.4333 2591905.4333 2667654.7370
4 4000000.0000 4000000.0000 3091814.6128 2591905.4333 2591905.4333 0.0000 1533227.1418 2158662.8842 2158662.8842 2667654.7370
6 4000000.0000 4000000.0000 3091814.6128 2591905.4333 2591905.4333 1533227.1418 0.0000 2158662.8842 2158662.8842 2667654.7370
5 4000000.0000 4000000.0000 3091814.6128 2591905.4333 2591905.4333 2158662.8842 2158662.8842 0.0000 1946001.9927 2667654.7370
1 4000000.0000 4000000.0000 3091814.6128 2591905.4333 2591905.4333 2158662.8842 2158662.8842 1946001.9927 0.0000 2667654.7370
8 4000000.0000 4000000.0000 3091814.6128 2667654.7370 2667654.7370 2667654.7370 2667654.7370 2667654.7370 2667654.7370 0.0000
