10
9 0.000000000000 447267.647520660015 1268464.324634119868 1268464.324634119868 1829012.830089500174 3940765.002664839849 3940765.002664839849 3940765.002664839849 4000000.000000000000 4000000.000000000000
4 447267.647520660015 0.000000000000 1268464.324634119868 1268464.324634119868 1829012.830089500174 3940765.002664839849 3940765.002664839849 3940765.002664839849 4000000.000000000000 4000000.000000000000
7 1268464.324634119868 1268464.324634119868 0.000000000000 365410.250871079974 1829012.830089499708 3940765.002664839849 3940765.002664839849 3940765.002664839849 4000000.000000000000 4000000.000000000000
3 1268464.324634119868 1268464.324634119868 365410.250871079974 0.000000000000 1829012.830089499708 3940765.002664839849 3940765.002664839849 3940765.002664839849 4000000.000000000000 4000000.000000000000
10 1829012.830089500174 1829012.830089500174 1829012.830089499708 1829012.830089499708 0.000000000000 3940765.002664839849 3940765.002664839849 3940765.002664839849 4000000.000000000000 4000000.000000000000
6 3940765.002664839849 3940765.002664839849 3940765.002664839849 3940765.002664839849 3940765.002664839849 0.000000000000 2425803.346304839943 2425803.346304839943 4000000.000000000000 4000000.000000000000
5 3940765.002664839849 3940765.002664839849 3940765.002664839849 3940765.002664839849 3940765.002664839849 2425803.346304839943 0.000000000000 442306.129737899988 4000000.000000000000 4000000.000000000000
8 3940765.002664839849 3940765.002664839849 3940765.002664839849 3940765.002664839849 3940765.002664839849 2425803.346304839943 442306.129737899988 0.000000000000 4000000.000000000000 4000000.000000000000
1 4000000.000000000000 4000000.000000000000 4000000.000000000000 4000000.000000000000 4000000.000000000000 4000000.000000000000 4000000.000000000000 4000000.000000000000 0.000000000000 3967581.305987699889
2 4000000.000000000000 4000000.000000000000 4000000.000000000000 4000000.000000000000 4000000.000000000000 4000000.000000000000 4000000.000000000000 4000000.000000000000 3967581.305987699889 0.000000000000
