10
10 0.000000000000 185872.841296500002 1516835.003107439959 2065423.057643229840 2065423.057643229840 2950861.851356839761 3142591.512855780311 3142591.512855780311 3142591.512855779845 4000000.000000000000
4 185872.841296500002 0.000000000000 1516835.003107439959 2065423.057643229840 2065423.057643229840 2950861.851356839761 3142591.512855780311 3142591.512855780311 3142591.512855779845 4000000.000000000000
2 1516835.003107439959 1516835.003107439959 0.000000000000 2065423.057643229840 2065423.057643229840 2950861.851356839761 3142591.512855780311 3142591.512855780311 3142591.512855779845 4000000.000000000000
7 2065423.057643229840 2065423.057643229840 2065423.057643229840 0.000000000000 1893647.101567399921 2950861.851356850006 3142591.512855790090 3142591.512855790090 3142591.512855789624 4000000.000000010245
3 2065423.057643229840 2065423.057643229840 2065423.057643229840 1893647.101567399921 0.000000000000 2950861.851356850006 3142591.512855790090 3142591.512855790090 3142591.512855789624 4000000.000000010245
9 2950861.851356839761 2950861.851356839761 2950861.851356839761 2950861.851356850006 2950861.851356850006 0.000000000000 3142591.512855780311 3142591.512855780311 3142591.512855780311 4000000.000000000000
6 3142591.512855780311 3142591.512855780311 3142591.512855780311 3142591.512855790090 3142591.512855790090 3142591.512855780311 0.000000000000 477351.615973579988 3009747.672447079793 4000000.000000000000
8 3142591.512855780311 3142591.512855780311 3142591.512855780311 3142591.512855790090 3142591.512855790090 3142591.512855780311 477351.615973579988 0.000000000000 3009747.672447079793 4000000.000000000000
5 3142591.512855779845 3142591.512855779845 3142591.512855779845 3142591.512855789624 3142591.512855789624 3142591.512855780311 3009747.672447079793 3009747.672447079793 0.000000000000 4000000.000000000000
1 4000000.000000000000 4000000.000000000000 4000000.000000000000 4000000.000000010245 4000000.000000010245 4000000.000000000000 4000000.000000000000 4000000.000000000000 4000000.000000000000 0.000000000000
