10
5 0.000000000000 1322247.608272300102 2113292.781951060053 2113292.781951060053 3772611.274663430173 3772611.274663430173 3772611.274663439952 4000000.000000000000 4000000.000000000000 4000000.000000000000
9 1322247.608272300102 0.000000000000 2113292.781951060053 2113292.781951060053 3772611.274663430173 3772611.274663430173 3772611.274663439952 4000000.000000000000 4000000.000000000000 4000000.000000000000
8 2113292.781951060053 2113292.781951060053 0.000000000000 922728.733849619981 3772611.274663430173 3772611.274663430173 3772611.274663439952 4000000.000000000000 4000000.000000000000 4000000.000000000000
10 2113292.781951060053 2113292.781951060053 922728.733849619981 0.000000000000 3772611.274663430173 3772611.274663430173 3772611.274663439952 4000000.000000000000 4000000.000000000000 4000000.000000000000
7 3772611.274663430173 3772611.274663430173 3772611.274663430173 3772611.274663430173 0.000000000000 2230545.405880580191 2770012.327460350003 3999999.999999990221 3999999.999999990221 3999999.999999990221
4 3772611.274663430173 3772611.274663430173 3772611.274663430173 3772611.274663430173 2230545.405880580191 0.000000000000 2770012.327460350003 3999999.999999990221 3999999.999999990221 3999999.999999990221
6 3772611.274663439952 3772611.274663439952 3772611.274663439952 3772611.274663439952 2770012.327460350003 2770012.327460350003 0.000000000000 4000000.000000000000 4000000.000000000000 4000000.000000000000
2 4000000.000000000000 4000000.000000000000 4000000.000000000000 4000000.000000000000 3999999.999999990221 3999999.999999990221 4000000.000000000000 0.000000000000 465446.633587179997 3207809.877606919967
3 4000000.000000000000 4000000.000000000000 4000000.000000000000 4000000.000000000000 3999999.999999990221 3999999.999999990221 4000000.000000000000 465446.633587179997 0.000000000000 3207809.877606919967
1 4000000.000000000000 4000000.000000000000 4000000.000000000000 4000000.000000000000 3999999.999999990221 3999999.999999990221 4000000.000000000000 3207809.877606919967 3207809.877606919967 0.000000000000
