10
6 0.000000000000 3826663.620586849749 3826663.620586849749 3826663.620586839505 3826663.620586839505 3826663.620586839505 3826663.620586839505 3826663.620586839505 3826663.620586839505 4000000.000000000000
7 3826663.620586849749 0.000000000000 1754697.822012620047 2756055.447275130078 2756055.447275130078 2756055.447275130078 2756055.447275130078 2756055.447275130078 2756055.447275130078 4000000.000000010245
10 3826663.620586849749 1754697.822012620047 0.000000000000 2756055.447275130078 2756055.447275130078 2756055.447275130078 2756055.447275130078 2756055.447275130078 2756055.447275130078 4000000.000000010245
2 3826663.620586839505 2756055.447275130078 2756055.447275130078 0.000000000000 1744640.206038739998 1744640.206038739998 1744640.206038739998 2515183.587425319944 2515183.587425319944 4000000.000000000000
3 3826663.620586839505 2756055.447275130078 2756055.447275130078 1744640.206038739998 0.000000000000 325514.745540780015 740123.002140959958 2515183.587425319944 2515183.587425319944 4000000.000000000000
9 3826663.620586839505 2756055.447275130078 2756055.447275130078 1744640.206038739998 325514.745540780015 0.000000000000 740123.002140959958 2515183.587425319944 2515183.587425319944 4000000.000000000000
5 3826663.620586839505 2756055.447275130078 2756055.447275130078 1744640.206038739998 740123.002140959958 740123.002140959958 0.000000000000 2515183.587425319944 2515183.587425319944 4000000.000000000000
8 3826663.620586839505 2756055.447275130078 2756055.447275130078 2515183.587425319944 2515183.587425319944 2515183.587425319944 2515183.587425319944 0.000000000000 1280782.671838640003 4000000.000000000000
4 3826663.620586839505 2756055.447275130078 2756055.447275130078 2515183.587425319944 2515183.587425319944 2515183.587425319944 2515183.587425319944 1280782.671838640003 0.000000000000 4000000.000000000000
1 4000000.000000000000 4000000.000000010245 4000000.000000010245 4000000.000000000000 4000000.000000000000 4000000.000000000000 4000000.000000000000 4000000.000000000000 4000000.000000000000 0.000000000000
