10
9 0.0000 898804.4817 898804.4817 4000000.0000 4000000.0000 4000000.0000 4000000.0000 4000000.0000 4000000.0000 4000000.0000
8 898804.4817 0.0000 517077.8723 4000000.0000 4000000.0000 4000000.0000 4000000.0000 4000000.0000 4000000.0000 4000000.0000
10 898804.4817 517077.8723 0.0000 4000000.0000 4000000.0000 4000000.0000 4000000.0000 4000000.0000 4000000.0000 4000000.0000
6 4000000.0000 4000000.0000 4000000.0000 0.0000 2367406.8783 3795698.3465 3795698.3465 3795698.3465 3795698.3465 3795698.3465
5 4000000.0000 4000000.0000 4000000.0000 2367406.8783 0.0000 3795698.3465 3795698.3465 3795698.3465 3795698.3465 3795698.3465
4 4000000.0000 4000000.0000 4000000.0000 3795698.3465 3795698.3465 0.0000 3378443.2462 3378443.2462 3378443.2462 3378443.2462
3 4000000.0000 4000000.0000 4000000.0000 3795698.3465 3795698.3465 3378443.2462 0.0000 385786.1579 385786.1579 1104746.4228
7 4000000.0000 4000000.0000 4000000.0000 3795698.3465 3795698.3465 3378443.2462 385786.1579 0.0000 327345.6094 1104746.4228
2 4000000.0000 4000000.0000 4000000.0000 3795698.3465 3795698.3465 3378443.2462 385786.1579 327345.6094 0.0000 1104746.4228
1 4000000.0000 4000000.0000 4000000.0000 3795698.3465 3795698.3465 3378443.2462 1104746.4228 1104746.4228 1104746.4228 0.0000
