10
6 0.0000 3941775.9332 3941775.9332 3941775.9332 3941775.9332 3941775.9332 3941775.9332 4000000.0000 4000000.0000 4000000.0000
5 3941775.9332 0.0000 53910.9618 1000638.5166 3186107.2648 3186107.2648 3186107.2648 4000000.0000 4000000.0000 4000000.0000
4 3941775.9332 53910.9618 0.0000 1000638.5166 3186107.2648 3186107.2648 3186107.2648 4000000.0000 4000000.0000 4000000.0000
8 3941775.9332 1000638.5166 1000638.5166 0.0000 3186107.2648 3186107.2648 3186107.2648 4000000.0000 4000000.0000 4000000.0000
10 3941775.9332 3186107.2648 3186107.2648 3186107.2648 0.0000 2388399.9360 2388399.9360 4000000.0000 4000000.0000 4000000.0000
7 3941775.9332 3186107.2648 3186107.2648 3186107.2648 2388399.9360 0.0000 581353.7999 4000000.0000 4000000.0000 4000000.0000
9 3941775.9332 3186107.2648 3186107.2648 3186107.2648 2388399.9360 581353.7999 0.0000 4000000.0000 4000000.0000 4000000.0000
1 4000000.0000 4000000.0000 4000000.0000 4000000.0000 4000000.0000 4000000.0000 4000000.0000 0.0000 2072848.8946 3187839.0987
3 4000000.0000 4000000.0000 4000000.0000 4000000.0000 4000000.0000 4000000.0000 4000000.0000 2072848.8946 0.0000 3187839.0987
2 4000000.0000 4000000.0000 4000000.0000 4000000.0000 4000000.0000 4000000.0000 4000000.0000 3187839.0987 3187839.0987 0.0000
