10
10 0.000000000000 4000000.000000000000 4000000.000000000000 4000000.000000000000 4000000.000000000000 4000000.000000000000 4000000.000000000000 4000000.000000000000 4000000.000000010245 4000000.000000010245
5 4000000.000000000000 0.000000000000 3335.607880000000 2198397.454105679877 2726675.049456079956 2726675.049456079956 2726675.049456079956 2726675.049456079956 2726675.049456089735 2726675.049456089735
2 4000000.000000000000 3335.607880000000 0.000000000000 2198397.454105679877 2726675.049456079956 2726675.049456079956 2726675.049456079956 2726675.049456079956 2726675.049456089735 2726675.049456089735
1 4000000.000000000000 2198397.454105679877 2198397.454105679877 0.000000000000 2726675.049456079956 2726675.049456079956 2726675.049456079956 2726675.049456079956 2726675.049456089735 2726675.049456089735
3 4000000.000000000000 2726675.049456079956 2726675.049456079956 2726675.049456079956 0.000000000000 283410.675266259990 1107025.410028140061 1116719.473833319964 1726032.531601969851 1726032.531601969851
6 4000000.000000000000 2726675.049456079956 2726675.049456079956 2726675.049456079956 283410.675266259990 0.000000000000 1107025.410028140061 1116719.473833319964 1726032.531601969851 1726032.531601969851
4 4000000.000000000000 2726675.049456079956 2726675.049456079956 2726675.049456079956 1107025.410028140061 1107025.410028140061 0.000000000000 1116719.473833319964 1726032.531601969851 1726032.531601969851
8 4000000.000000000000 2726675.049456079956 2726675.049456079956 2726675.049456079956 1116719.473833319964 1116719.473833319964 1116719.473833319964 0.000000000000 1726032.531601969851 1726032.531601969851
9 4000000.000000010245 2726675.049456089735 2726675.049456089735 2726675.049456089735 1726032.531601969851 1726032.531601969851 1726032.531601969851 1726032.531601969851 0.000000000000 1664469.110881059896
7 4000000.000000010245 2726675.049456089735 2726675.049456089735 2726675.049456089735 1726032.531601969851 1726032.531601969851 1726032.531601969851 1726032.531601969851 1664469.110881059896 0.000000000000
