10
7 0.0000 3843006.4131 3843006.4131 3843006.4131 3843006.4131 4000000.0000 4000000.0000 4000000.0000 4000000.0000 4000000.0000
10 3843006.4131 0.0000 1056387.7770 1215458.5762 1215458.5762 4000000.0000 4000000.0000 4000000.0000 4000000.0000 4000000.0000
8 3843006.4131 1056387.7770 0.0000 1215458.5762 1215458.5762 4000000.0000 4000000.0000 4000000.0000 4000000.0000 4000000.0000
9 3843006.4131 1215458.5762 1215458.5762 0.0000 283272.0261 4000000.0000 4000000.0000 4000000.0000 4000000.0000 4000000.0000
6 3843006.4131 1215458.5762 1215458.5762 283272.0261 0.0000 4000000.0000 4000000.0000 4000000.0000 4000000.0000 4000000.0000
3 4000000.0000 4000000.0000 4000000.0000 4000000.0000 4000000.0000 0.0000 2518125.6204 2518125.6204 2518125.6204 2518125.6204
2 4000000.0000 4000000.0000 4000000.0000 4000000.0000 4000000.0000 2518125.6204 0.0000 797558.6754 797558.6754 2163007.2906
1 4000000.0000 4000000.0000 4000000.0000 4000000.0000 4000000.0000 2518125.6204 797558.6754 0.0000 744536.8980 2163007.2906
4 4000000.0000 4000000.0000 4000000.0000 4000000.0000 4000000.0000 2518125.6204 797558.6754 744536.8980 0.0000 2163007.2906
5 4000000.0000 4000000.0000 4000000.0000 4000000.0000 4000000.0000 2518125.6204 2163007.2906 2163007.2906 2163007.2906 0.0000
