10
7 0.0000 3398425.4474 3398425.4474 3398425.4474 3398425.4474 3398425.4474 4000000.0000 4000000.0000 4000000.0000 4000000.0000
9 3398425.4474 0.0000 1273658.3031 3263242.2040 3263242.2040 3263242.2040 4000000.0000 4000000.0000 4000000.0000 4000000.0000
6 3398425.4474 1273658.3031 0.0000 3263242.2040 3263242.2040 3263242.2040 4000000.0000 4000000.0000 4000000.0000 4000000.0000
10 3398425.4474 3263242.2040 3263242.2040 0.0000 2233636.2318 2233636.2318 4000000.0000 4000000.0000 4000000.0000 4000000.0000
5 3398425.4474 3263242.2040 3263242.2040 2233636.2318 0.0000 1653712.2853 4000000.0000 4000000.0000 4000000.0000 4000000.0000
8 3398425.4474 3263242.2040 3263242.2040 2233636.2318 1653712.2853 0.0000 4000000.0000 4000000.0000 4000000.0000 4000000.0000
2 4000000.0000 4000000.0000 4000000.0000 4000000.0000 4000000.0000 4000000.0000 0.0000 893126.5115 893126.5115 1984084.3285
1 4000000.0000 4000000.0000 4000000.0000 4000000.0000 4000000.0000 4000000.0000 893126.5115 0.0000 472452.0949 1984084.3285
4 4000000.0000 4000000.0000 4000000.0000 4000000.0000 4000000.0000 4000000.0000 893126.5115 472452.0949 0.0000 1984084.3285
3 4000000.0000 4000000.0000 4000000.0000 4000000.0000 4000000.0000 4000000.0000 1984084.3285 1984084.3285 1984084.3285 0.0000
