10
9 0.000000000000 578001.852412640001 4000000.000000010245 4000000.000000010245 4000000.000000010245 4000000.000000000000 4000000.000000000000 4000000.000000010245 4000000.000000010245 4000000.000000000000
10 578001.852412640001 0.000000000000 4000000.000000010245 4000000.000000010245 4000000.000000010245 4000000.000000000000 4000000.000000000000 4000000.000000010245 4000000.000000010245 4000000.000000000000
6 4000000.000000010245 4000000.000000010245 0.000000000000 92633.554528599998 675343.896898459992 2554823.483417009935 3116985.334650469944 3116985.334650480188 3116985.334650480188 3116985.334650469944
7 4000000.000000010245 4000000.000000010245 92633.554528599998 0.000000000000 675343.896898459992 2554823.483417009935 3116985.334650469944 3116985.334650480188 3116985.334650480188 3116985.334650469944
2 4000000.000000010245 4000000.000000010245 675343.896898459992 675343.896898459992 0.000000000000 2554823.483417009935 3116985.334650469944 3116985.334650480188 3116985.334650480188 3116985.334650469944
1 4000000.000000000000 4000000.000000000000 2554823.483417009935 2554823.483417009935 2554823.483417009935 0.000000000000 3116985.334650460165 3116985.334650469944 3116985.334650469944 3116985.334650460165
8 4000000.000000000000 4000000.000000000000 3116985.334650469944 3116985.334650469944 3116985.334650469944 3116985.334650460165 0.000000000000 1781498.475461790105 1781498.475461790105 2131637.814854700118
5 4000000.000000010245 4000000.000000010245 3116985.334650480188 3116985.334650480188 3116985.334650480188 3116985.334650469944 1781498.475461790105 0.000000000000 827550.730694180005 2131637.814854710363
4 4000000.000000010245 4000000.000000010245 3116985.334650480188 3116985.334650480188 3116985.334650480188 3116985.334650469944 1781498.475461790105 827550.730694180005 0.000000000000 2131637.814854710363
3 4000000.000000000000 4000000.000000000000 3116985.334650469944 3116985.334650469944 3116985.334650469944 3116985.334650460165 2131637.814854700118 2131637.814854710363 2131637.814854710363 0.000000000000
