10
7 0.0000 2963143.6179 3967185.6620 3967185.6620 4000000.0000 4000000.0000 4000000.0000 4000000.0000 4000000.0000 4000000.0000
9 2963143.6179 0.0000 3967185.6620 3967185.6620 4000000.0000 4000000.0000 4000000.0000 4000000.0000 4000000.0000 4000000.0000
8 3967185.6620 3967185.6620 0.0000 873424.3370 4000000.0000 4000000.0000 4000000.0000 4000000.0000 4000000.0000 4000000.0000
10 3967185.6620 3967185.6620 873424.3370 0.0000 4000000.0000 4000000.0000 4000000.0000 4000000.0000 4000000.0000 4000000.0000
3 4000000.0000 4000000.0000 4000000.0000 4000000.0000 0.0000 3048419.4563 3048419.4563 3048419.4563 3431307.9382 3431307.9382
4 4000000.0000 4000000.0000 4000000.0000 4000000.0000 3048419.4563 0.0000 418831.3547 418831.3547 3431307.9382 3431307.9382
2 4000000.0000 4000000.0000 4000000.0000 4000000.0000 3048419.4563 418831.3547 0.0000 259207.8010 3431307.9382 3431307.9382
5 4000000.0000 4000000.0000 4000000.0000 4000000.0000 3048419.4563 418831.3547 259207.8010 0.0000 3431307.9382 3431307.9382
1 4000000.0000 4000000.0000 4000000.0000 4000000.0000 3431307.9382 3431307.9382 3431307.9382 3431307.9382 0.0000 169199.3149
6 4000000.0000 4000000.0000 4000000.0000 4000000.0000 3431307.9382 3431307.9382 3431307.9382 3431307.9382 169199.3149 0.0000
