10
9 0.000000000000 1809618.803067859961 1809618.803067859961 4000000.000000000000 4000000.000000000000 4000000.000000000000 4000000.000000000000 4000000.000000000000 4000000.000000000000 4000000.000000000000
10 1809618.803067859961 0.000000000000 650898.917234919965 4000000.000000000000 4000000.000000000000 4000000.000000000000 4000000.000000000000 4000000.000000000000 4000000.000000000000 4000000.000000000000
8 1809618.803067859961 650898.917234919965 0.000000000000 4000000.000000000000 4000000.000000000000 4000000.000000000000 4000000.000000000000 4000000.000000000000 4000000.000000000000 4000000.000000000000
1 4000000.000000000000 4000000.000000000000 4000000.000000000000 0.000000000000 2315830.112026980147 3369677.006648479961 3369677.006648479961 3369677.006648479961 3369677.006648479961 3369677.006648479961
2 4000000.000000000000 4000000.000000000000 4000000.000000000000 2315830.112026980147 0.000000000000 3369677.006648479961 3369677.006648479961 3369677.006648479961 3369677.006648479961 3369677.006648479961
7 4000000.000000000000 4000000.000000000000 4000000.000000000000 3369677.006648479961 3369677.006648479961 0.000000000000 1701208.281610219972 2448084.965928359888 2448084.965928359888 2448084.965928359888
6 4000000.000000000000 4000000.000000000000 4000000.000000000000 3369677.006648479961 3369677.006648479961 1701208.281610219972 0.000000000000 2448084.965928359888 2448084.965928359888 2448084.965928359888
4 4000000.000000000000 4000000.000000000000 4000000.000000000000 3369677.006648479961 3369677.006648479961 2448084.965928359888 2448084.965928359888 0.000000000000 572523.806759739993 572523.806759739993
5 4000000.000000000000 4000000.000000000000 4000000.000000000000 3369677.006648479961 3369677.006648479961 2448084.965928359888 2448084.965928359888 572523.806759739993 0.000000000000 531563.787080539973
3 4000000.000000000000 4000000.000000000000 4000000.000000000000 3369677.006648479961 3369677.006648479961 2448084.965928359888 2448084.965928359888 572523.806759739993 531563.787080539973 0.000000000000
