10
10 0.0000 3444395.4423 3523547.6527 4000000.0000 4000000.0000 4000000.0000 4000000.0000 4000000.0000 4000000.0000 4000000.0000
9 3444395.4423 0.0000 3523547.6527 4000000.0000 4000000.0000 4000000.0000 4000000.0000 4000000.0000 4000000.0000 4000000.0000
8 3523547.6527 3523547.6527 0.0000 4000000.0000 4000000.0000 4000000.0000 4000000.0000 4000000.0000 4000000.0000 4000000.0000
1 4000000.0000 4000000.0000 4000000.0000 0.0000 1104650.7314 1104650.7314 3705189.5461 3705189.5461 3705189.5461 3705189.5461
2 4000000.0000 4000000.0000 4000000.0000 1104650.7314 0.0000 332980.8033 3705189.5461 3705189.5461 3705189.5461 3705189.5461
6 4000000.0000 4000000.0000 4000000.0000 1104650.7314 332980.8033 0.0000 3705189.5461 3705189.5461 3705189.5461 3705189.5461
7 4000000.0000 4000000.0000 4000000.0000 3705189.5461 3705189.5461 3705189.5461 0.0000 2360392.2707 2797588.3358 2797588.3358
3 4000000.0000 4000000.0000 4000000.0000 3705189.5461 3705189.5461 3705189.5461 2360392.2707 0.0000 2797588.3358 2797588.3358
4 4000000.0000 4000000.0000 4000000.0000 3705189.5461 3705189.5461 3705189.5461 2797588.3358 2797588.3358 0.0000 2774430.5907
5 4000000.0000 4000000.0000 4000000.0000 3705189.5461 3705189.5461 3705189.5461 2797588.3358 2797588.3358 2774430.5907 0.0000
