10
4 0.000000000000 3111002.557859980036 3111002.557859980036 3111002.557859980501 3111002.557859970257 3111002.557859980036 3111002.557859980036 3907967.106328370050 4000000.000000010245 4000000.000000010245
8 3111002.557859980036 0.000000000000 774840.965317660011 2858153.972930580378 2858153.972930570133 2858153.972930579912 2858153.972930579912 3907967.106328370050 4000000.000000010245 4000000.000000010245
6 3111002.557859980036 774840.965317660011 0.000000000000 2858153.972930580378 2858153.972930570133 2858153.972930579912 2858153.972930579912 3907967.106328370050 4000000.000000010245 4000000.000000010245
10 3111002.557859980501 2858153.972930580378 2858153.972930580378 0.000000000000 1980220.119298370089 1980220.119298379868 1980220.119298379868 3907967.106328370050 4000000.000000010245 4000000.000000010245
3 3111002.557859970257 2858153.972930570133 2858153.972930570133 1980220.119298370089 0.000000000000 847110.965582009987 847110.965582009987 3907967.106328359805 4000000.000000000000 4000000.000000000000
5 3111002.557859980036 2858153.972930579912 2858153.972930579912 1980220.119298379868 847110.965582009987 0.000000000000 77247.391804679995 3907967.106328370050 4000000.000000010245 4000000.000000010245
7 3111002.557859980036 2858153.972930579912 2858153.972930579912 1980220.119298379868 847110.965582009987 77247.391804679995 0.000000000000 3907967.106328370050 4000000.000000010245 4000000.000000010245
9 3907967.106328370050 3907967.106328370050 3907967.106328370050 3907967.106328370050 3907967.106328359805 3907967.106328370050 3907967.106328370050 0.000000000000 4000000.000000000000 4000000.000000000000
2 4000000.000000010245 4000000.000000010245 4000000.000000010245 4000000.000000010245 4000000.000000000000 4000000.000000010245 4000000.000000010245 4000000.000000000000 0.000000000000 1606685.487349220086
1 4000000.000000010245 4000000.000000010245 4000000.000000010245 4000000.000000010245 4000000.000000000000 4000000.000000010245 4000000.000000010245 4000000.000000000000 1606685.487349220086 0.000000000000
