10
10 0.0000 980951.2232 3046282.3350 3046282.3350 3532323.0534 3532323.0534 3532323.0534 4000000.0000 4000000.0000 4000000.0000
8 980951.2232 0.0000 3046282.3350 3046282.3350 3532323.0534 3532323.0534 3532323.0534 4000000.0000 4000000.0000 4000000.0000
9 3046282.3350 3046282.3350 0.0000 1275432.3560 3532323.0534 3532323.0534 3532323.0534 4000000.0000 4000000.0000 4000000.0000
5 3046282.3350 3046282.3350 1275432.3560 0.0000 3532323.0534 3532323.0534 3532323.0534 4000000.0000 4000000.0000 4000000.0000
6 3532323.0534 3532323.0534 3532323.0534 3532323.0534 0.0000 2391357.0795 2391357.0795 4000000.0000 4000000.0000 4000000.0000
7 3532323.0534 3532323.0534 3532323.0534 3532323.0534 2391357.0795 0.0000 1865165.3984 4000000.0000 4000000.0000 4000000.0000
4 3532323.0534 3532323.0534 3532323.0534 3532323.0534 2391357.0795 1865165.3984 0.0000 4000000.0000 4000000.0000 4000000.0000
1 4000000.0000 4000000.0000 4000000.0000 4000000.0000 4000000.0000 4000000.0000 4000000.0000 0.0000 2510936.2637 2510936.2637
3 4000000.0000 4000000.0000 4000000.0000 4000000.0000 4000000.0000 4000000.0000 4000000.0000 2510936.2637 0.0000 1699676.1083
2 4000000.0000 4000000.0000 4000000.0000 4000000.0000 4000000.0000 4000000.0000 4000000.0000 2510936.2637 1699676.1083 0.0000
