10
10 0.000000000000 3651540.553746920079 3651540.553746920079 3651540.553746920079 3651540.553746920079 3651540.553746920079 3651540.553746920079 3651540.553746920079 4000000.000000000000 4000000.000000000000
6 3651540.553746920079 0.000000000000 2685315.146926099900 2685315.146926099900 2685315.146926099900 2685315.146926099900 3632072.453533920459 3632072.453533920459 4000000.000000000000 4000000.000000000000
9 3651540.553746920079 2685315.146926099900 0.000000000000 2083303.720486260019 2083303.720486260019 2083303.720486260019 3632072.453533920459 3632072.453533920459 4000000.000000000000 4000000.000000000000
5 3651540.553746920079 2685315.146926099900 2083303.720486260019 0.000000000000 1460200.930239560083 1460200.930239560083 3632072.453533920459 3632072.453533920459 4000000.000000000000 4000000.000000000000
7 3651540.553746920079 2685315.146926099900 2083303.720486260019 1460200.930239560083 0.000000000000 775876.254816820030 3632072.453533920459 3632072.453533920459 4000000.000000000000 4000000.000000000000
3 3651540.553746920079 2685315.146926099900 2083303.720486260019 1460200.930239560083 775876.254816820030 0.000000000000 3632072.453533920459 3632072.453533920459 4000000.000000000000 4000000.000000000000
4 3651540.553746920079 3632072.453533920459 3632072.453533920459 3632072.453533920459 3632072.453533920459 3632072.453533920459 0.000000000000 3093096.927464620210 4000000.000000000000 4000000.000000000000
8 3651540.553746920079 3632072.453533920459 3632072.453533920459 3632072.453533920459 3632072.453533920459 3632072.453533920459 3093096.927464620210 0.000000000000 4000000.000000000000 4000000.000000000000
2 4000000.000000000000 4000000.000000000000 4000000.000000000000 4000000.000000000000 4000000.000000000000 4000000.000000000000 4000000.000000000000 4000000.000000000000 0.000000000000 846753.838201100007
1 4000000.000000000000 4000000.000000000000 4000000.000000000000 4000000.000000000000 4000000.000000000000 4000000.000000000000 4000000.000000000000 4000000.000000000000 846753.838201100007 0.000000000000
