10
9 0.0000 1809618.8031 1809618.8031 4000000.0000 4000000.0000 4000000.0000 4000000.0000 4000000.0000 4000000.0000 4000000.0000
10 1809618.8031 0.0000 650898.9172 4000000.0000 4000000.0000 4000000.0000 4000000.0000 4000000.0000 4000000.0000 4000000.0000
8 1809618.8031 650898.9172 0.0000 4000000.0000 4000000.0000 4000000.0000 4000000.0000 4000000.0000 4000000.0000 4000000.0000
1 4000000.0000 4000000.0000 4000000.0000 0.0000 2315830.1120 3369677.0066 3369677.0066 3369677.0066 3369677.0066 3369677.0066
2 4000000.0000 4000000.0000 4000000.0000 2315830.1120 0.0000 3369677.0066 3369677.0066 3369677.0066 3369677.0066 3369677.0066
7 4000000.0000 4000000.0000 4000000.0000 3369677.0066 3369677.0066 0.0000 1701208.2816 2448084.9659 2448084.9659 2448084.9659
6 4000000.0000 4000000.0000 4000000.0000 3369677.0066 3369677.0066 1701208.2816 0.0000 2448084.9659 2448084.9659 2448084.9659
4 4000000.0000 4000000.0000 4000000.0000 3369677.0066 3369677.0066 2448084.9659 2448084.9659 0.0000 572523.8068 572523.8068
5 4000000.0000 4000000.0000 4000000.0000 3369677.0066 3369677.0066 2448084.9659 2448084.9659 572523.8068 0.0000 531563.7871
3 4000000.0000 4000000.0000 4000000.0000 3369677.0066 3369677.0066 2448084.9659 2448084.9659 572523.8068 531563.7871 0.0000
