10
9 0.000000000000 247132.854331379989 4000000.000000000000 4000000.000000010245 4000000.000000000000 4000000.000000000000 4000000.000000000000 4000000.000000000000 4000000.000000010245 4000000.000000010245
10 247132.854331379989 0.000000000000 4000000.000000000000 4000000.000000010245 4000000.000000000000 4000000.000000000000 4000000.000000000000 4000000.000000000000 4000000.000000010245 4000000.000000010245
3 4000000.000000000000 4000000.000000000000 0.000000000000 3396001.012092789635 3396001.012092780322 3396001.012092780322 3396001.012092780322 3396001.012092780322 3396001.012092789635 3396001.012092789635
1 4000000.000000010245 4000000.000000010245 3396001.012092789635 0.000000000000 1968649.872901370050 1968649.872901370050 1968649.872901370050 1968649.872901370050 2948392.967963240109 2948392.967963240109
4 4000000.000000000000 4000000.000000000000 3396001.012092780322 1968649.872901370050 0.000000000000 243353.982497819990 1057393.015299699968 1057393.015299699968 2948392.967963229865 2948392.967963229865
6 4000000.000000000000 4000000.000000000000 3396001.012092780322 1968649.872901370050 243353.982497819990 0.000000000000 1057393.015299699968 1057393.015299699968 2948392.967963229865 2948392.967963229865
2 4000000.000000000000 4000000.000000000000 3396001.012092780322 1968649.872901370050 1057393.015299699968 1057393.015299699968 0.000000000000 507741.261770459998 2948392.967963229865 2948392.967963229865
5 4000000.000000000000 4000000.000000000000 3396001.012092780322 1968649.872901370050 1057393.015299699968 1057393.015299699968 507741.261770459998 0.000000000000 2948392.967963229865 2948392.967963229865
8 4000000.000000010245 4000000.000000010245 3396001.012092789635 2948392.967963240109 2948392.967963229865 2948392.967963229865 2948392.967963229865 2948392.967963229865 0.000000000000 2299872.015512180049
7 4000000.000000010245 4000000.000000010245 3396001.012092789635 2948392.967963240109 2948392.967963229865 2948392.967963229865 2948392.967963229865 2948392.967963229865 2299872.015512180049 0.000000000000
