10
9 0.000000000000 1561739.674140280113 3652288.425015320070 3652288.425015320070 3652288.425015320070 3652288.425015320070 4000000.000000000000 4000000.000000000000 4000000.000000000000 4000000.000000000000
7 1561739.674140280113 0.000000000000 3652288.425015320070 3652288.425015320070 3652288.425015320070 3652288.425015320070 4000000.000000000000 4000000.000000000000 4000000.000000000000 4000000.000000000000
5 3652288.425015320070 3652288.425015320070 0.000000000000 941443.045242900029 3620933.559338560328 3620933.559338560328 4000000.000000000000 4000000.000000000000 4000000.000000000000 4000000.000000000000
10 3652288.425015320070 3652288.425015320070 941443.045242900029 0.000000000000 3620933.559338560328 3620933.559338560328 4000000.000000000000 4000000.000000000000 4000000.000000000000 4000000.000000000000
8 3652288.425015320070 3652288.425015320070 3620933.559338560328 3620933.559338560328 0.000000000000 2575203.113480700180 4000000.000000000000 4000000.000000000000 4000000.000000000000 4000000.000000000000
6 3652288.425015320070 3652288.425015320070 3620933.559338560328 3620933.559338560328 2575203.113480700180 0.000000000000 4000000.000000000000 4000000.000000000000 4000000.000000000000 4000000.000000000000
3 4000000.000000000000 4000000.000000000000 4000000.000000000000 4000000.000000000000 4000000.000000000000 4000000.000000000000 0.000000000000 1586141.951354879886 2372460.520383520052 2372460.520383520052
2 4000000.000000000000 4000000.000000000000 4000000.000000000000 4000000.000000000000 4000000.000000000000 4000000.000000000000 1586141.951354879886 0.000000000000 2372460.520383520052 2372460.520383520052
1 4000000.000000000000 4000000.000000000000 4000000.000000000000 4000000.000000000000 4000000.000000000000 4000000.000000000000 2372460.520383520052 2372460.520383520052 0.000000000000 1002245.363719980000
4 4000000.000000000000 4000000.000000000000 4000000.000000000000 4000000.000000000000 4000000.000000000000 4000000.000000000000 2372460.520383520052 2372460.520383520052 1002245.363719980000 0.000000000000
