10
4 0.0000 2784080.8494 3951328.9024 3951328.9024 3951328.9024 3951328.9024 3951328.9024 3951328.9024 3951328.9024 4000000.0000
6 2784080.8494 0.0000 3951328.9024 3951328.9024 3951328.9024 3951328.9024 3951328.9024 3951328.9024 3951328.9024 4000000.0000
10 3951328.9024 3951328.9024 0.0000 547419.0982 3317484.7613 3317484.7613 3509460.4393 3509460.4393 3509460.4393 4000000.0000
8 3951328.9024 3951328.9024 547419.0982 0.0000 3317484.7613 3317484.7613 3509460.4393 3509460.4393 3509460.4393 4000000.0000
9 3951328.9024 3951328.9024 3317484.7613 3317484.7613 0.0000 1685341.6878 3509460.4393 3509460.4393 3509460.4393 4000000.0000
7 3951328.9024 3951328.9024 3317484.7613 3317484.7613 1685341.6878 0.0000 3509460.4393 3509460.4393 3509460.4393 4000000.0000
5 3951328.9024 3951328.9024 3509460.4393 3509460.4393 3509460.4393 3509460.4393 0.0000 2072149.0246 2104406.7007 4000000.0000
3 3951328.9024 3951328.9024 3509460.4393 3509460.4393 3509460.4393 3509460.4393 2072149.0246 0.0000 2104406.7007 4000000.0000
2 3951328.9024 3951328.9024 3509460.4393 3509460.4393 3509460.4393 3509460.4393 2104406.7007 2104406.7007 0.0000 4000000.0000
1 4000000.0000 4000000.0000 4000000.0000 4000000.0000 4000000.0000 4000000.0000 4000000.0000 4000000.0000 4000000.0000 0.0000
