10
10 0.000000000000 3714226.764120840002 4000000.000000000000 4000000.000000000000 4000000.000000000000 4000000.000000000000 4000000.000000000000 4000000.000000000000 4000000.000000000000 4000000.000000000000
9 3714226.764120840002 0.000000000000 4000000.000000000000 4000000.000000000000 4000000.000000000000 4000000.000000000000 4000000.000000000000 4000000.000000000000 4000000.000000000000 4000000.000000000000
4 4000000.000000000000 4000000.000000000000 0.000000000000 2554589.573432479985 2554589.573432479985 2908615.721597299911 2908615.721597299911 3345270.965894239955 3345270.965894239955 3345270.965894239955
8 4000000.000000000000 4000000.000000000000 2554589.573432479985 0.000000000000 2215534.728302760050 2908615.721597299911 2908615.721597299911 3345270.965894239955 3345270.965894239955 3345270.965894239955
6 4000000.000000000000 4000000.000000000000 2554589.573432479985 2215534.728302760050 0.000000000000 2908615.721597299911 2908615.721597299911 3345270.965894239955 3345270.965894239955 3345270.965894239955
5 4000000.000000000000 4000000.000000000000 2908615.721597299911 2908615.721597299911 2908615.721597299911 0.000000000000 1616350.439584980020 3345270.965894239955 3345270.965894239955 3345270.965894239955
2 4000000.000000000000 4000000.000000000000 2908615.721597299911 2908615.721597299911 2908615.721597299911 1616350.439584980020 0.000000000000 3345270.965894239955 3345270.965894239955 3345270.965894239955
1 4000000.000000000000 4000000.000000000000 3345270.965894239955 3345270.965894239955 3345270.965894239955 3345270.965894239955 3345270.965894239955 0.000000000000 949773.357741639949 1072694.713528839871
7 4000000.000000000000 4000000.000000000000 3345270.965894239955 3345270.965894239955 3345270.965894239955 3345270.965894239955 3345270.965894239955 949773.357741639949 0.000000000000 1072694.713528839871
3 4000000.000000000000 4000000.000000000000 3345270.965894239955 3345270.965894239955 3345270.965894239955 3345270.965894239955 3345270.965894239955 1072694.713528839871 1072694.713528839871 0.000000000000
