10
8 0.0000 1961607.0085 3708448.7980 3708448.7980 4000000.0000 4000000.0000 4000000.0000 4000000.0000 4000000.0000 4000000.0000
7 1961607.0085 0.0000 3708448.7980 3708448.7980 4000000.0000 4000000.0000 4000000.0000 4000000.0000 4000000.0000 4000000.0000
9 3708448.7980 3708448.7980 0.0000 976433.7422 4000000.0000 4000000.0000 4000000.0000 4000000.0000 4000000.0000 4000000.0000
10 3708448.7980 3708448.7980 976433.7422 0.0000 4000000.0000 4000000.0000 4000000.0000 4000000.0000 4000000.0000 4000000.0000
5 4000000.0000 4000000.0000 4000000.0000 4000000.0000 0.0000 138853.7924 3590371.3692 3590371.3692 3590371.3692 3590371.3692
6 4000000.0000 4000000.0000 4000000.0000 4000000.0000 138853.7924 0.0000 3590371.3692 3590371.3692 3590371.3692 3590371.3692
2 4000000.0000 4000000.0000 4000000.0000 4000000.0000 3590371.3692 3590371.3692 0.0000 2534198.5831 2640517.6228 2640517.6228
1 4000000.0000 4000000.0000 4000000.0000 4000000.0000 3590371.3692 3590371.3692 2534198.5831 0.0000 2640517.6228 2640517.6228
3 4000000.0000 4000000.0000 4000000.0000 4000000.0000 3590371.3692 3590371.3692 2640517.6228 2640517.6228 0.0000 2436536.3206
4 4000000.0000 4000000.0000 4000000.0000 4000000.0000 3590371.3692 3590371.3692 2640517.6228 2640517.6228 2436536.3206 0.0000
