10
10 0.0000 4000000.0000 4000000.0000 4000000.0000 4000000.0000 4000000.0000 4000000.0000 4000000.0000 4000000.0000 4000000.0000
5 4000000.0000 0.0000 3196661.4544 3957276.1121 3957276.1121 3957276.1121 3957276.1121 3957276.1121 3957276.1121 3957276.1121
8 4000000.0000 3196661.4544 0.0000 3957276.1121 3957276.1121 3957276.1121 3957276.1121 3957276.1121 3957276.1121 3957276.1121
2 4000000.0000 3957276.1121 3957276.1121 0.0000 439438.8259 1700539.4193 2707358.3290 2707358.3290 2989833.6132 2989833.6132
4 4000000.0000 3957276.1121 3957276.1121 439438.8259 0.0000 1700539.4193 2707358.3290 2707358.3290 2989833.6132 2989833.6132
6 4000000.0000 3957276.1121 3957276.1121 1700539.4193 1700539.4193 0.0000 2707358.3290 2707358.3290 2989833.6132 2989833.6132
9 4000000.0000 3957276.1121 3957276.1121 2707358.3290 2707358.3290 2707358.3290 0.0000 894200.6127 2989833.6132 2989833.6132
3 4000000.0000 3957276.1121 3957276.1121 2707358.3290 2707358.3290 2707358.3290 894200.6127 0.0000 2989833.6132 2989833.6132
1 4000000.0000 3957276.1121 3957276.1121 2989833.6132 2989833.6132 2989833.6132 2989833.6132 2989833.6132 0.0000 1900045.8027
7 4000000.0000 3957276.1121 3957276.1121 2989833.6132 2989833.6132 2989833.6132 2989833.6132 2989833.6132 1900045.8027 0.0000
