10
9 0.0000 1530131.2157 1530131.2157 1530131.2157 3951924.8080 3951924.8080 4000000.0000 4000000.0000 4000000.0000 4000000.0000
5 1530131.2157 0.0000 307970.6703 1069306.1033 3951924.8080 3951924.8080 4000000.0000 4000000.0000 4000000.0000 4000000.0000
7 1530131.2157 307970.6703 0.0000 1069306.1033 3951924.8080 3951924.8080 4000000.0000 4000000.0000 4000000.0000 4000000.0000
8 1530131.2157 1069306.1033 1069306.1033 0.0000 3951924.8080 3951924.8080 4000000.0000 4000000.0000 4000000.0000 4000000.0000
10 3951924.8080 3951924.8080 3951924.8080 3951924.8080 0.0000 2733769.0630 4000000.0000 4000000.0000 4000000.0000 4000000.0000
6 3951924.8080 3951924.8080 3951924.8080 3951924.8080 2733769.0630 0.0000 4000000.0000 4000000.0000 4000000.0000 4000000.0000
4 4000000.0000 4000000.0000 4000000.0000 4000000.0000 4000000.0000 4000000.0000 0.0000 1953908.4312 3149266.5226 3149266.5226
3 4000000.0000 4000000.0000 4000000.0000 4000000.0000 4000000.0000 4000000.0000 1953908.4312 0.0000 3149266.5226 3149266.5226
1 4000000.0000 4000000.0000 4000000.0000 4000000.0000 4000000.0000 4000000.0000 3149266.5226 3149266.5226 0.0000 601146.6158
2 4000000.0000 4000000.0000 4000000.0000 4000000.0000 4000000.0000 4000000.0000 3149266.5226 3149266.5226 601146.6158 0.0000
