10
7 0.000000000000 2016869.866216239985 2016869.866216239985 2016869.866216239985 4000000.000000000000 4000000.000000000000 4000000.000000000000 4000000.000000000000 4000000.000000000000 4000000.000000000000
8 2016869.866216239985 0.000000000000 1946139.375794579973 1946139.375794579973 4000000.000000000000 4000000.000000000000 4000000.000000000000 4000000.000000000000 4000000.000000000000 4000000.000000000000
10 2016869.866216239985 1946139.375794579973 0.000000000000 1801273.104101859964 4000000.000000000000 4000000.000000000000 4000000.000000000000 4000000.000000000000 4000000.000000000000 4000000.000000000000
9 2016869.866216239985 1946139.375794579973 1801273.104101859964 0.000000000000 4000000.000000000000 4000000.000000000000 4000000.000000000000 4000000.000000000000 4000000.000000000000 4000000.000000000000
6 4000000.000000000000 4000000.000000000000 4000000.000000000000 4000000.000000000000 0.000000000000 2954048.681932920124 3501935.523454880342 3501935.523454880342 3501935.523454880342 3501935.523454880342
1 4000000.000000000000 4000000.000000000000 4000000.000000000000 4000000.000000000000 2954048.681932920124 0.000000000000 3501935.523454880342 3501935.523454880342 3501935.523454880342 3501935.523454880342
4 4000000.000000000000 4000000.000000000000 4000000.000000000000 4000000.000000000000 3501935.523454880342 3501935.523454880342 0.000000000000 2301689.819493759889 2301689.819493759889 2301689.819493759889
3 4000000.000000000000 4000000.000000000000 4000000.000000000000 4000000.000000000000 3501935.523454880342 3501935.523454880342 2301689.819493759889 0.000000000000 727679.577325940016 2052046.471926840022
5 4000000.000000000000 4000000.000000000000 4000000.000000000000 4000000.000000000000 3501935.523454880342 3501935.523454880342 2301689.819493759889 727679.577325940016 0.000000000000 2052046.471926840022
2 4000000.000000000000 4000000.000000000000 4000000.000000000000 4000000.000000000000 3501935.523454880342 3501935.523454880342 2301689.819493759889 2052046.471926840022 2052046.471926840022 0.000000000000
