10
8 0.000000000000 152141.778343020007 3978121.328816319816 3978121.328816310037 3978121.328816310037 4000000.000000000000 4000000.000000000000 4000000.000000000000 4000000.000000000000 4000000.000000000000
7 152141.778343020007 0.000000000000 3978121.328816319816 3978121.328816310037 3978121.328816310037 4000000.000000000000 4000000.000000000000 4000000.000000000000 4000000.000000000000 4000000.000000000000
6 3978121.328816319816 3978121.328816319816 0.000000000000 3976562.045015770011 3976562.045015770011 4000000.000000000000 4000000.000000000000 4000000.000000000000 4000000.000000000000 4000000.000000000000
10 3978121.328816310037 3978121.328816310037 3976562.045015770011 0.000000000000 3204973.976879800204 3999999.999999990221 3999999.999999990221 3999999.999999990221 3999999.999999990221 3999999.999999990221
9 3978121.328816310037 3978121.328816310037 3976562.045015770011 3204973.976879800204 0.000000000000 3999999.999999990221 3999999.999999990221 3999999.999999990221 3999999.999999990221 3999999.999999990221
4 4000000.000000000000 4000000.000000000000 4000000.000000000000 3999999.999999990221 3999999.999999990221 0.000000000000 524471.675737340003 2012630.172089060070 3635313.101997559890 3635313.101997559890
1 4000000.000000000000 4000000.000000000000 4000000.000000000000 3999999.999999990221 3999999.999999990221 524471.675737340003 0.000000000000 2012630.172089060070 3635313.101997559890 3635313.101997559890
5 4000000.000000000000 4000000.000000000000 4000000.000000000000 3999999.999999990221 3999999.999999990221 2012630.172089060070 2012630.172089060070 0.000000000000 3635313.101997559890 3635313.101997559890
2 4000000.000000000000 4000000.000000000000 4000000.000000000000 3999999.999999990221 3999999.999999990221 3635313.101997559890 3635313.101997559890 3635313.101997559890 0.000000000000 2291629.144905200228
3 4000000.000000000000 4000000.000000000000 4000000.000000000000 3999999.999999990221 3999999.999999990221 3635313.101997559890 3635313.101997559890 3635313.101997559890 2291629.144905200228 0.000000000000
