10
7 0.0000 148229.9829 2982947.4008 3986972.9213 3986972.9213 3986972.9213 3986972.9213 3986972.9213 4000000.0000 4000000.0000
3 148229.9829 0.0000 2982947.4008 3986972.9213 3986972.9213 3986972.9213 3986972.9213 3986972.9213 4000000.0000 4000000.0000
10 2982947.4008 2982947.4008 0.0000 3986972.9213 3986972.9213 3986972.9213 3986972.9213 3986972.9213 4000000.0000 4000000.0000
9 3986972.9213 3986972.9213 3986972.9213 0.0000 2046649.6238 2046649.6238 2046649.6238 3481763.7352 4000000.0000 4000000.0000
5 3986972.9213 3986972.9213 3986972.9213 2046649.6238 0.0000 1068735.8366 1068735.8366 3481763.7352 4000000.0000 4000000.0000
8 3986972.9213 3986972.9213 3986972.9213 2046649.6238 1068735.8366 0.0000 662983.8012 3481763.7352 4000000.0000 4000000.0000
4 3986972.9213 3986972.9213 3986972.9213 2046649.6238 1068735.8366 662983.8012 0.0000 3481763.7352 4000000.0000 4000000.0000
6 3986972.9213 3986972.9213 3986972.9213 3481763.7352 3481763.7352 3481763.7352 3481763.7352 0.0000 4000000.0000 4000000.0000
1 4000000.0000 4000000.0000 4000000.0000 4000000.0000 4000000.0000 4000000.0000 4000000.0000 4000000.0000 0.0000 2204414.2474
2 4000000.0000 4000000.0000 4000000.0000 4000000.0000 4000000.0000 4000000.0000 4000000.0000 4000000.0000 2204414.2474 0.0000
