10
9 0.000000000000 60553.404262900003 4000000.000000000000 4000000.000000000000 4000000.000000000000 4000000.000000000000 4000000.000000000000 4000000.000000000000 4000000.000000000000 4000000.000000000000
10 60553.404262900003 0.000000000000 4000000.000000000000 4000000.000000000000 4000000.000000000000 4000000.000000000000 4000000.000000000000 4000000.000000000000 4000000.000000000000 4000000.000000000000
7 4000000.000000000000 4000000.000000000000 0.000000000000 3091814.612829220016 3091814.612829220016 3091814.612829220016 3091814.612829220016 3091814.612829220016 3091814.612829220016 3091814.612829220016
2 4000000.000000000000 4000000.000000000000 3091814.612829220016 0.000000000000 1469752.910354319960 2591905.433332660235 2591905.433332660235 2591905.433332660235 2591905.433332660235 2667654.736962900031
3 4000000.000000000000 4000000.000000000000 3091814.612829220016 1469752.910354319960 0.000000000000 2591905.433332660235 2591905.433332660235 2591905.433332660235 2591905.433332660235 2667654.736962900031
4 4000000.000000000000 4000000.000000000000 3091814.612829220016 2591905.433332660235 2591905.433332660235 0.000000000000 1533227.141755119897 2158662.884215080179 2158662.884215080179 2667654.736962900031
6 4000000.000000000000 4000000.000000000000 3091814.612829220016 2591905.433332660235 2591905.433332660235 1533227.141755119897 0.000000000000 2158662.884215080179 2158662.884215080179 2667654.736962900031
5 4000000.000000000000 4000000.000000000000 3091814.612829220016 2591905.433332660235 2591905.433332660235 2158662.884215080179 2158662.884215080179 0.000000000000 1946001.992741459981 2667654.736962900031
1 4000000.000000000000 4000000.000000000000 3091814.612829220016 2591905.433332660235 2591905.433332660235 2158662.884215080179 2158662.884215080179 1946001.992741459981 0.000000000000 2667654.736962900031
8 4000000.000000000000 4000000.000000000000 3091814.612829220016 2667654.736962900031 2667654.736962900031 2667654.736962900031 2667654.736962900031 2667654.736962900031 2667654.736962900031 0.000000000000
