10
7 0.0000 2016869.8662 2016869.8662 2016869.8662 4000000.0000 4000000.0000 4000000.0000 4000000.0000 4000000.0000 4000000.0000
8 2016869.8662 0.0000 1946139.3758 1946139.3758 4000000.0000 4000000.0000 4000000.0000 4000000.0000 4000000.0000 4000000.0000
10 2016869.8662 1946139.3758 0.0000 1801273.1041 4000000.0000 4000000.0000 4000000.0000 4000000.0000 4000000.0000 4000000.0000
9 2016869.8662 1946139.3758 1801273.1041 0.0000 4000000.0000 4000000.0000 4000000.0000 4000000.0000 4000000.0000 4000000.0000
6 4000000.0000 4000000.0000 4000000.0000 4000000.0000 0.0000 2954048.6819 3501935.5235 3501935.5235 3501935.5235 3501935.5235
1 4000000.0000 4000000.0000 4000000.0000 4000000.0000 2954048.6819 0.0000 3501935.5235 3501935.5235 3501935.5235 3501935.5235
4 4000000.0000 4000000.0000 4000000.0000 4000000.0000 3501935.5235 3501935.5235 0.0000 2301689.8195 2301689.8195 2301689.8195
3 4000000.0000 4000000.0000 4000000.0000 4000000.0000 3501935.5235 3501935.5235 2301689.8195 0.0000 727679.5773 2052046.4719
5 4000000.0000 4000000.0000 4000000.0000 4000000.0000 3501935.5235 3501935.5235 2301689.8195 727679.5773 0.0000 2052046.4719
2 4000000.0000 4000000.0000 4000000.0000 4000000.0000 3501935.5235 3501935.5235 2301689.8195 2052046.4719 2052046.4719 0.0000
