10
10 0.0000 93471.6832 4000000.0000 4000000.0000 4000000.0000 4000000.0000 4000000.0000 4000000.0000 4000000.0000 4000000.0000
9 93471.6832 0.0000 4000000.0000 4000000.0000 4000000.0000 4000000.0000 4000000.0000 4000000.0000 4000000.0000 4000000.0000
5 4000000.0000 4000000.0000 0.0000 2572634.1744 2572634.1744 2572634.1744 2572634.1744 2811912.4249 3292127.6627 3292127.6627
7 4000000.0000 4000000.0000 2572634.1744 0.0000 1183542.8163 1655516.0450 1655516.0450 2811912.4249 3292127.6627 3292127.6627
8 4000000.0000 4000000.0000 2572634.1744 1183542.8163 0.0000 1655516.0450 1655516.0450 2811912.4249 3292127.6627 3292127.6627
6 4000000.0000 4000000.0000 2572634.1744 1655516.0450 1655516.0450 0.0000 171762.3477 2811912.4249 3292127.6627 3292127.6627
2 4000000.0000 4000000.0000 2572634.1744 1655516.0450 1655516.0450 171762.3477 0.0000 2811912.4249 3292127.6627 3292127.6627
4 4000000.0000 4000000.0000 2811912.4249 2811912.4249 2811912.4249 2811912.4249 2811912.4249 0.0000 3292127.6627 3292127.6627
3 4000000.0000 4000000.0000 3292127.6627 3292127.6627 3292127.6627 3292127.6627 3292127.6627 3292127.6627 0.0000 2912590.1739
1 4000000.0000 4000000.0000 3292127.6627 3292127.6627 3292127.6627 3292127.6627 3292127.6627 3292127.6627 2912590.1739 0.0000
