10
10 0.000000000000 4000000.000000000000 4000000.000000000000 3999999.999999990221 3999999.999999990221 3999999.999999990221 4000000.000000000000 4000000.000000000000 4000000.000000000000 4000000.000000000000
5 4000000.000000000000 0.000000000000 3196661.454371919855 3957276.112057310063 3957276.112057310063 3957276.112057310063 3957276.112057319842 3957276.112057319842 3957276.112057319842 3957276.112057319842
8 4000000.000000000000 3196661.454371919855 0.000000000000 3957276.112057310063 3957276.112057310063 3957276.112057310063 3957276.112057319842 3957276.112057319842 3957276.112057319842 3957276.112057319842
2 3999999.999999990221 3957276.112057310063 3957276.112057310063 0.000000000000 439438.825871319976 1700539.419272840023 2707358.329029429704 2707358.329029429704 2989833.613200849853 2989833.613200849853
4 3999999.999999990221 3957276.112057310063 3957276.112057310063 439438.825871319976 0.000000000000 1700539.419272840023 2707358.329029429704 2707358.329029429704 2989833.613200849853 2989833.613200849853
6 3999999.999999990221 3957276.112057310063 3957276.112057310063 1700539.419272840023 1700539.419272840023 0.000000000000 2707358.329029429704 2707358.329029429704 2989833.613200849853 2989833.613200849853
9 4000000.000000000000 3957276.112057319842 3957276.112057319842 2707358.329029429704 2707358.329029429704 2707358.329029429704 0.000000000000 894200.612651559990 2989833.613200860098 2989833.613200860098
3 4000000.000000000000 3957276.112057319842 3957276.112057319842 2707358.329029429704 2707358.329029429704 2707358.329029429704 894200.612651559990 0.000000000000 2989833.613200860098 2989833.613200860098
1 4000000.000000000000 3957276.112057319842 3957276.112057319842 2989833.613200849853 2989833.613200849853 2989833.613200849853 2989833.613200860098 2989833.613200860098 0.000000000000 1900045.802726020105
7 4000000.000000000000 3957276.112057319842 3957276.112057319842 2989833.613200849853 2989833.613200849853 2989833.613200849853 2989833.613200860098 2989833.613200860098 1900045.802726020105 0.000000000000
