10
5 0.0000 1363910.4256 1794100.5592 1794100.5592 2505711.3816 3693563.4711 3693563.4711 3693563.4711 3693563.4711 4000000.0000
7 1363910.4256 0.0000 1794100.5592 1794100.5592 2505711.3816 3693563.4711 3693563.4711 3693563.4711 3693563.4711 4000000.0000
3 1794100.5592 1794100.5592 0.0000 979797.1605 2505711.3816 3693563.4711 3693563.4711 3693563.4711 3693563.4711 4000000.0000
8 1794100.5592 1794100.5592 979797.1605 0.0000 2505711.3816 3693563.4711 3693563.4711 3693563.4711 3693563.4711 4000000.0000
10 2505711.3816 2505711.3816 2505711.3816 2505711.3816 0.0000 3693563.4711 3693563.4711 3693563.4711 3693563.4711 4000000.0000
2 3693563.4711 3693563.4711 3693563.4711 3693563.4711 3693563.4711 0.0000 41187.6341 609884.0927 2937799.5924 4000000.0000
6 3693563.4711 3693563.4711 3693563.4711 3693563.4711 3693563.4711 41187.6341 0.0000 609884.0927 2937799.5924 4000000.0000
9 3693563.4711 3693563.4711 3693563.4711 3693563.4711 3693563.4711 609884.0927 609884.0927 0.0000 2937799.5924 4000000.0000
4 3693563.4711 3693563.4711 3693563.4711 3693563.4711 3693563.4711 2937799.5924 2937799.5924 2937799.5924 0.0000 4000000.0000
1 4000000.0000 4000000.0000 4000000.0000 4000000.0000 4000000.0000 4000000.0000 4000000.0000 4000000.0000 4000000.0000 0.0000
