10
9 0.000000000000 3498537.605374440085 3498537.605374440085 3498537.605374440085 3498537.605374440085 4000000.000000010245 4000000.000000010245 4000000.000000010245 4000000.000000010245 4000000.000000010245
8 3498537.605374440085 0.000000000000 112870.901554779994 933858.355716819991 933858.355716819991 4000000.000000010245 4000000.000000010245 4000000.000000010245 4000000.000000010245 4000000.000000010245
7 3498537.605374440085 112870.901554779994 0.000000000000 933858.355716819991 933858.355716819991 4000000.000000010245 4000000.000000010245 4000000.000000010245 4000000.000000010245 4000000.000000010245
6 3498537.605374440085 933858.355716819991 933858.355716819991 0.000000000000 415582.898147979984 4000000.000000010245 4000000.000000010245 4000000.000000010245 4000000.000000010245 4000000.000000010245
10 3498537.605374440085 933858.355716819991 933858.355716819991 415582.898147979984 0.000000000000 4000000.000000010245 4000000.000000010245 4000000.000000010245 4000000.000000010245 4000000.000000010245
5 4000000.000000010245 4000000.000000010245 4000000.000000010245 4000000.000000010245 4000000.000000010245 0.000000000000 2540207.394961100072 2540207.394961100072 3522420.609097479843 3522420.609097479843
3 4000000.000000010245 4000000.000000010245 4000000.000000010245 4000000.000000010245 4000000.000000010245 2540207.394961100072 0.000000000000 1996958.088425240014 3522420.609097479843 3522420.609097479843
4 4000000.000000010245 4000000.000000010245 4000000.000000010245 4000000.000000010245 4000000.000000010245 2540207.394961100072 1996958.088425240014 0.000000000000 3522420.609097479843 3522420.609097479843
1 4000000.000000010245 4000000.000000010245 4000000.000000010245 4000000.000000010245 4000000.000000010245 3522420.609097479843 3522420.609097479843 3522420.609097479843 0.000000000000 3021647.724769920111
2 4000000.000000010245 4000000.000000010245 4000000.000000010245 4000000.000000010245 4000000.000000010245 3522420.609097479843 3522420.609097479843 3522420.609097479843 3021647.724769920111 0.000000000000
