10
5 0.000000000000 1363910.425598920090 1794100.559242150048 1794100.559242150048 2505711.381550390273 3693563.471095039975 3693563.471095039975 3693563.471095029730 3693563.471095030196 3999999.999999989755
7 1363910.425598920090 0.000000000000 1794100.559242150048 1794100.559242150048 2505711.381550390273 3693563.471095039975 3693563.471095039975 3693563.471095029730 3693563.471095030196 3999999.999999989755
3 1794100.559242150048 1794100.559242150048 0.000000000000 979797.160499440040 2505711.381550400052 3693563.471095049754 3693563.471095049754 3693563.471095039509 3693563.471095039975 4000000.000000000000
8 1794100.559242150048 1794100.559242150048 979797.160499440040 0.000000000000 2505711.381550400052 3693563.471095049754 3693563.471095049754 3693563.471095039509 3693563.471095039975 4000000.000000000000
10 2505711.381550390273 2505711.381550390273 2505711.381550400052 2505711.381550400052 0.000000000000 3693563.471095049754 3693563.471095049754 3693563.471095039509 3693563.471095039975 4000000.000000000000
2 3693563.471095039975 3693563.471095039975 3693563.471095049754 3693563.471095049754 3693563.471095049754 0.000000000000 41187.634077859999 609884.092691190075 2937799.592439049855 4000000.000000010245
6 3693563.471095039975 3693563.471095039975 3693563.471095049754 3693563.471095049754 3693563.471095049754 41187.634077859999 0.000000000000 609884.092691190075 2937799.592439049855 4000000.000000010245
9 3693563.471095029730 3693563.471095029730 3693563.471095039509 3693563.471095039509 3693563.471095039509 609884.092691190075 609884.092691190075 0.000000000000 2937799.592439039610 4000000.000000000000
4 3693563.471095030196 3693563.471095030196 3693563.471095039975 3693563.471095039975 3693563.471095039975 2937799.592439049855 2937799.592439049855 2937799.592439039610 0.000000000000 4000000.000000000000
1 3999999.999999989755 3999999.999999989755 4000000.000000000000 4000000.000000000000 4000000.000000000000 4000000.000000010245 4000000.000000010245 4000000.000000000000 4000000.000000000000 0.000000000000
