10
9 0.000000000000 1530131.215671299957 1530131.215671299957 1530131.215671299957 3951924.808028790168 3951924.808028790168 3999999.999999989755 3999999.999999989755 3999999.999999990221 3999999.999999990221
5 1530131.215671299957 0.000000000000 307970.670320820005 1069306.103349359939 3951924.808028790168 3951924.808028790168 3999999.999999989755 3999999.999999989755 3999999.999999990221 3999999.999999990221
7 1530131.215671299957 307970.670320820005 0.000000000000 1069306.103349359939 3951924.808028790168 3951924.808028790168 3999999.999999989755 3999999.999999989755 3999999.999999990221 3999999.999999990221
8 1530131.215671299957 1069306.103349359939 1069306.103349359939 0.000000000000 3951924.808028790168 3951924.808028790168 3999999.999999989755 3999999.999999989755 3999999.999999990221 3999999.999999990221
10 3951924.808028790168 3951924.808028790168 3951924.808028790168 3951924.808028790168 0.000000000000 2733769.063049599994 4000000.000000000000 4000000.000000000000 4000000.000000000000 4000000.000000000000
6 3951924.808028790168 3951924.808028790168 3951924.808028790168 3951924.808028790168 2733769.063049599994 0.000000000000 4000000.000000000000 4000000.000000000000 4000000.000000000000 4000000.000000000000
4 3999999.999999989755 3999999.999999989755 3999999.999999989755 3999999.999999989755 4000000.000000000000 4000000.000000000000 0.000000000000 1953908.431235719938 3149266.522645880468 3149266.522645880468
3 3999999.999999989755 3999999.999999989755 3999999.999999989755 3999999.999999989755 4000000.000000000000 4000000.000000000000 1953908.431235719938 0.000000000000 3149266.522645880468 3149266.522645880468
1 3999999.999999990221 3999999.999999990221 3999999.999999990221 3999999.999999990221 4000000.000000000000 4000000.000000000000 3149266.522645880468 3149266.522645880468 0.000000000000 601146.615776160033
2 3999999.999999990221 3999999.999999990221 3999999.999999990221 3999999.999999990221 4000000.000000000000 4000000.000000000000 3149266.522645880468 3149266.522645880468 601146.615776160033 0.000000000000
