10
2 0.000000000000 488413.214531519974 664549.080046299961 2489240.332517880015 2987241.978298050351 2987241.978298050351 2987241.978298050351 2987241.978298050351 2987241.978298050351 4000000.000000010245
6 488413.214531519974 0.000000000000 664549.080046299961 2489240.332517880015 2987241.978298050351 2987241.978298050351 2987241.978298050351 2987241.978298050351 2987241.978298050351 4000000.000000010245
7 664549.080046299961 664549.080046299961 0.000000000000 2489240.332517880015 2987241.978298050351 2987241.978298050351 2987241.978298050351 2987241.978298050351 2987241.978298050351 4000000.000000010245
3 2489240.332517880015 2489240.332517880015 2489240.332517880015 0.000000000000 2987241.978298050351 2987241.978298050351 2987241.978298050351 2987241.978298050351 2987241.978298050351 4000000.000000010245
8 2987241.978298050351 2987241.978298050351 2987241.978298050351 2987241.978298050351 0.000000000000 2003872.350125560071 2003872.350125560071 2003872.350125560071 2003872.350125560071 4000000.000000000000
9 2987241.978298050351 2987241.978298050351 2987241.978298050351 2987241.978298050351 2003872.350125560071 0.000000000000 68843.258649380004 582861.054343239986 1875501.513282979839 4000000.000000000000
10 2987241.978298050351 2987241.978298050351 2987241.978298050351 2987241.978298050351 2003872.350125560071 68843.258649380004 0.000000000000 582861.054343239986 1875501.513282979839 4000000.000000000000
4 2987241.978298050351 2987241.978298050351 2987241.978298050351 2987241.978298050351 2003872.350125560071 582861.054343239986 582861.054343239986 0.000000000000 1875501.513282979839 4000000.000000000000
5 2987241.978298050351 2987241.978298050351 2987241.978298050351 2987241.978298050351 2003872.350125560071 1875501.513282979839 1875501.513282979839 1875501.513282979839 0.000000000000 4000000.000000000000
1 4000000.000000010245 4000000.000000010245 4000000.000000010245 4000000.000000010245 4000000.000000000000 4000000.000000000000 4000000.000000000000 4000000.000000000000 4000000.000000000000 0.000000000000
