10
9 0.000000000000 2623018.623805299867 3920673.027865470387 3999999.999999989755 3999999.999999989755 3999999.999999989755 3999999.999999989755 3999999.999999989755 3999999.999999989755 3999999.999999989755
10 2623018.623805299867 0.000000000000 3920673.027865470387 3999999.999999989755 3999999.999999989755 3999999.999999989755 3999999.999999989755 3999999.999999989755 3999999.999999989755 3999999.999999989755
8 3920673.027865470387 3920673.027865470387 0.000000000000 4000000.000000000000 4000000.000000000000 4000000.000000000000 4000000.000000000000 4000000.000000000000 4000000.000000000000 4000000.000000000000
5 3999999.999999989755 3999999.999999989755 4000000.000000000000 0.000000000000 168477.655211100006 3325277.045571779832 3982580.338829119690 3982580.338829119690 3982580.338829119690 3982580.338829119690
3 3999999.999999989755 3999999.999999989755 4000000.000000000000 168477.655211100006 0.000000000000 3325277.045571779832 3982580.338829119690 3982580.338829119690 3982580.338829119690 3982580.338829119690
7 3999999.999999989755 3999999.999999989755 4000000.000000000000 3325277.045571779832 3325277.045571779832 0.000000000000 3982580.338829119690 3982580.338829119690 3982580.338829119690 3982580.338829119690
1 3999999.999999989755 3999999.999999989755 4000000.000000000000 3982580.338829119690 3982580.338829119690 3982580.338829119690 0.000000000000 764233.890900859958 764233.890900859958 1151195.661553439917
2 3999999.999999989755 3999999.999999989755 4000000.000000000000 3982580.338829119690 3982580.338829119690 3982580.338829119690 764233.890900859958 0.000000000000 387309.464453779976 1151195.661553439917
6 3999999.999999989755 3999999.999999989755 4000000.000000000000 3982580.338829119690 3982580.338829119690 3982580.338829119690 764233.890900859958 387309.464453779976 0.000000000000 1151195.661553439917
4 3999999.999999989755 3999999.999999989755 4000000.000000000000 3982580.338829119690 3982580.338829119690 3982580.338829119690 1151195.661553439917 1151195.661553439917 1151195.661553439917 0.000000000000
