10
10 0.0000 4000000.0000 4000000.0000 4000000.0000 4000000.0000 4000000.0000 4000000.0000 4000000.0000 4000000.0000 4000000.0000
3 4000000.0000 0.0000 959017.3732 1939635.2083 1939635.2083 2034825.5832 2034825.5832 2034825.5832 3480379.9978 3480379.9978
8 4000000.0000 959017.3732 0.0000 1939635.2083 1939635.2083 2034825.5832 2034825.5832 2034825.5832 3480379.9978 3480379.9978
5 4000000.0000 1939635.2083 1939635.2083 0.0000 248312.5003 2034825.5832 2034825.5832 2034825.5832 3480379.9978 3480379.9978
6 4000000.0000 1939635.2083 1939635.2083 248312.5003 0.0000 2034825.5832 2034825.5832 2034825.5832 3480379.9978 3480379.9978
4 4000000.0000 2034825.5832 2034825.5832 2034825.5832 2034825.5832 0.0000 1620740.1312 1620740.1312 3480379.9978 3480379.9978
1 4000000.0000 2034825.5832 2034825.5832 2034825.5832 2034825.5832 1620740.1312 0.0000 1340947.5282 3480379.9978 3480379.9978
9 4000000.0000 2034825.5832 2034825.5832 2034825.5832 2034825.5832 1620740.1312 1340947.5282 0.0000 3480379.9978 3480379.9978
2 4000000.0000 3480379.9978 3480379.9978 3480379.9978 3480379.9978 3480379.9978 3480379.9978 3480379.9978 0.0000 2654882.2012
7 4000000.0000 3480379.9978 3480379.9978 3480379.9978 3480379.9978 3480379.9978 3480379.9978 3480379.9978 2654882.2012 0.0000
