10
6 0.000000000000 3941775.933208299801 3941775.933208299801 3941775.933208299801 3941775.933208299801 3941775.933208299801 3941775.933208299801 4000000.000000000000 4000000.000000000000 4000000.000000000000
5 3941775.933208299801 0.000000000000 53910.961804339997 1000638.516560700024 3186107.264790520072 3186107.264790520072 3186107.264790520072 4000000.000000000000 4000000.000000000000 4000000.000000000000
4 3941775.933208299801 53910.961804339997 0.000000000000 1000638.516560700024 3186107.264790520072 3186107.264790520072 3186107.264790520072 4000000.000000000000 4000000.000000000000 4000000.000000000000
8 3941775.933208299801 1000638.516560700024 1000638.516560700024 0.000000000000 3186107.264790520072 3186107.264790520072 3186107.264790520072 4000000.000000000000 4000000.000000000000 4000000.000000000000
10 3941775.933208299801 3186107.264790520072 3186107.264790520072 3186107.264790520072 0.000000000000 2388399.935987980105 2388399.935987980105 4000000.000000000000 4000000.000000000000 4000000.000000000000
7 3941775.933208299801 3186107.264790520072 3186107.264790520072 3186107.264790520072 2388399.935987980105 0.000000000000 581353.799853379955 4000000.000000000000 4000000.000000000000 4000000.000000000000
9 3941775.933208299801 3186107.264790520072 3186107.264790520072 3186107.264790520072 2388399.935987980105 581353.799853379955 0.000000000000 4000000.000000000000 4000000.000000000000 4000000.000000000000
1 4000000.000000000000 4000000.000000000000 4000000.000000000000 4000000.000000000000 4000000.000000000000 4000000.000000000000 4000000.000000000000 0.000000000000 2072848.894563680049 3187839.098739820067
3 4000000.000000000000 4000000.000000000000 4000000.000000000000 4000000.000000000000 4000000.000000000000 4000000.000000000000 4000000.000000000000 2072848.894563680049 0.000000000000 3187839.098739820067
2 4000000.000000000000 4000000.000000000000 4000000.000000000000 4000000.000000000000 4000000.000000000000 4000000.000000000000 4000000.000000000000 3187839.098739820067 3187839.098739820067 0.000000000000
