10
10 0.000000000000 980951.223246759968 3046282.334963049740 3046282.334963049740 3532323.053371009883 3532323.053371009883 3532323.053371009883 4000000.000000000000 4000000.000000000000 4000000.000000000000
8 980951.223246759968 0.000000000000 3046282.334963049740 3046282.334963049740 3532323.053371009883 3532323.053371009883 3532323.053371009883 4000000.000000000000 4000000.000000000000 4000000.000000000000
9 3046282.334963049740 3046282.334963049740 0.000000000000 1275432.355987119954 3532323.053371019661 3532323.053371019661 3532323.053371019661 4000000.000000010245 4000000.000000010245 4000000.000000010245
5 3046282.334963049740 3046282.334963049740 1275432.355987119954 0.000000000000 3532323.053371019661 3532323.053371019661 3532323.053371019661 4000000.000000010245 4000000.000000010245 4000000.000000010245
6 3532323.053371009883 3532323.053371009883 3532323.053371019661 3532323.053371019661 0.000000000000 2391357.079503119923 2391357.079503119923 4000000.000000009779 4000000.000000009779 4000000.000000009779
7 3532323.053371009883 3532323.053371009883 3532323.053371019661 3532323.053371019661 2391357.079503119923 0.000000000000 1865165.398350280011 4000000.000000009779 4000000.000000009779 4000000.000000009779
4 3532323.053371009883 3532323.053371009883 3532323.053371019661 3532323.053371019661 2391357.079503119923 1865165.398350280011 0.000000000000 4000000.000000009779 4000000.000000009779 4000000.000000009779
1 4000000.000000000000 4000000.000000000000 4000000.000000010245 4000000.000000010245 4000000.000000009779 4000000.000000009779 4000000.000000009779 0.000000000000 2510936.263692019973 2510936.263692019973
3 4000000.000000000000 4000000.000000000000 4000000.000000010245 4000000.000000010245 4000000.000000009779 4000000.000000009779 4000000.000000009779 2510936.263692019973 0.000000000000 1699676.108267779928
2 4000000.000000000000 4000000.000000000000 4000000.000000010245 4000000.000000010245 4000000.000000009779 4000000.000000009779 4000000.000000009779 2510936.263692019973 1699676.108267779928 0.000000000000
