10
10 0.000000000000 1056940.203293160070 4000000.000000000000 4000000.000000000000 4000000.000000000000 4000000.000000000000 4000000.000000010245 4000000.000000010245 4000000.000000010245 4000000.000000010245
9 1056940.203293160070 0.000000000000 4000000.000000000000 4000000.000000000000 4000000.000000000000 4000000.000000000000 4000000.000000010245 4000000.000000010245 4000000.000000010245 4000000.000000010245
5 4000000.000000000000 4000000.000000000000 0.000000000000 2415026.552510160021 2415026.552510160021 2415026.552510160021 2415026.552510170266 2415026.552510170266 2415026.552510170266 2415026.552510170266
4 4000000.000000000000 4000000.000000000000 2415026.552510160021 0.000000000000 2188079.833260459825 2188079.833260459825 2188079.833260470070 2188079.833260470070 2188079.833260470070 2188079.833260470070
1 4000000.000000000000 4000000.000000000000 2415026.552510160021 2188079.833260459825 0.000000000000 8713.775287660001 369814.526771950012 2177047.248271510005 2177047.248271510005 2177047.248271510005
6 4000000.000000000000 4000000.000000000000 2415026.552510160021 2188079.833260459825 8713.775287660001 0.000000000000 369814.526771950012 2177047.248271510005 2177047.248271510005 2177047.248271510005
3 4000000.000000010245 4000000.000000010245 2415026.552510170266 2188079.833260470070 369814.526771950012 369814.526771950012 0.000000000000 2177047.248271520250 2177047.248271520250 2177047.248271520250
8 4000000.000000010245 4000000.000000010245 2415026.552510170266 2188079.833260470070 2177047.248271510005 2177047.248271510005 2177047.248271520250 0.000000000000 1368643.561565520009 1368643.561565520009
2 4000000.000000010245 4000000.000000010245 2415026.552510170266 2188079.833260470070 2177047.248271510005 2177047.248271510005 2177047.248271520250 1368643.561565520009 0.000000000000 119404.102595899996
7 4000000.000000010245 4000000.000000010245 2415026.552510170266 2188079.833260470070 2177047.248271510005 2177047.248271510005 2177047.248271520250 1368643.561565520009 119404.102595899996 0.000000000000
