10
2 0.0000 488413.2145 664549.0800 2489240.3325 2987241.9783 2987241.9783 2987241.9783 2987241.9783 2987241.9783 4000000.0000
6 488413.2145 0.0000 664549.0800 2489240.3325 2987241.9783 2987241.9783 2987241.9783 2987241.9783 2987241.9783 4000000.0000
7 664549.0800 664549.0800 0.0000 2489240.3325 2987241.9783 2987241.9783 2987241.9783 2987241.9783 2987241.9783 4000000.0000
3 2489240.3325 2489240.3325 2489240.3325 0.0000 2987241.9783 2987241.9783 2987241.9783 2987241.9783 2987241.9783 4000000.0000
8 2987241.9783 2987241.9783 2987241.9783 2987241.9783 0.0000 2003872.3501 2003872.3501 2003872.3501 2003872.3501 4000000.0000
9 2987241.9783 2987241.9783 2987241.9783 2987241.9783 2003872.3501 0.0000 68843.2586 582861.0543 1875501.5133 4000000.0000
10 2987241.9783 2987241.9783 2987241.9783 2987241.9783 2003872.3501 68843.2586 0.0000 582861.0543 1875501.5133 4000000.0000
4 2987241.9783 2987241.9783 2987241.9783 2987241.9783 2003872.3501 582861.0543 582861.0543 0.0000 1875501.5133 4000000.0000
5 2987241.9783 2987241.9783 2987241.9783 2987241.9783 2003872.3501 1875501.5133 1875501.5133 1875501.5133 0.0000 4000000.0000
1 4000000.0000 4000000.0000 4000000.0000 4000000.0000 4000000.0000 4000000.0000 4000000.0000 4000000.0000 4000000.0000 0.0000
