10
8 0.000000000000 698461.153856419958 2826483.760794519912 2826483.760794519912 2826483.760794529691 3999999.999999979977 3999999.999999979977 3999999.999999979977 3999999.999999979977 3999999.999999989755
7 698461.153856419958 0.000000000000 2826483.760794519912 2826483.760794519912 2826483.760794529691 3999999.999999979977 3999999.999999979977 3999999.999999979977 3999999.999999979977 3999999.999999989755
6 2826483.760794519912 2826483.760794519912 0.000000000000 467530.264268459985 1433755.956073350040 3999999.999999979977 3999999.999999979977 3999999.999999979977 3999999.999999979977 3999999.999999989755
9 2826483.760794519912 2826483.760794519912 467530.264268459985 0.000000000000 1433755.956073350040 3999999.999999979977 3999999.999999979977 3999999.999999979977 3999999.999999979977 3999999.999999989755
10 2826483.760794529691 2826483.760794529691 1433755.956073350040 1433755.956073350040 0.000000000000 3999999.999999989755 3999999.999999989755 3999999.999999989755 3999999.999999989755 4000000.000000000000
5 3999999.999999979977 3999999.999999979977 3999999.999999979977 3999999.999999979977 3999999.999999989755 0.000000000000 2193458.942826760001 2193458.942826760001 2193458.942826760001 3338650.180261850357
4 3999999.999999979977 3999999.999999979977 3999999.999999979977 3999999.999999979977 3999999.999999989755 2193458.942826760001 0.000000000000 836726.832024700008 1708487.795008020010 3338650.180261850357
3 3999999.999999979977 3999999.999999979977 3999999.999999979977 3999999.999999979977 3999999.999999989755 2193458.942826760001 836726.832024700008 0.000000000000 1708487.795008020010 3338650.180261850357
1 3999999.999999979977 3999999.999999979977 3999999.999999979977 3999999.999999979977 3999999.999999989755 2193458.942826760001 1708487.795008020010 1708487.795008020010 0.000000000000 3338650.180261850357
2 3999999.999999989755 3999999.999999989755 3999999.999999989755 3999999.999999989755 4000000.000000000000 3338650.180261850357 3338650.180261850357 3338650.180261850357 3338650.180261850357 0.000000000000
