10
10 0.0000 4000000.0000 4000000.0000 4000000.0000 4000000.0000 4000000.0000 4000000.0000 4000000.0000 4000000.0000 4000000.0000
5 4000000.0000 0.0000 3335.6079 2198397.4541 2726675.0495 2726675.0495 2726675.0495 2726675.0495 2726675.0495 2726675.0495
2 4000000.0000 3335.6079 0.0000 2198397.4541 2726675.0495 2726675.0495 2726675.0495 2726675.0495 2726675.0495 2726675.0495
1 4000000.0000 2198397.4541 2198397.4541 0.0000 2726675.0495 2726675.0495 2726675.0495 2726675.0495 2726675.0495 2726675.0495
3 4000000.0000 2726675.0495 2726675.0495 2726675.0495 0.0000 283410.6753 1107025.4100 1116719.4738 1726032.5316 1726032.5316
6 4000000.0000 2726675.0495 2726675.0495 2726675.0495 283410.6753 0.0000 1107025.4100 1116719.4738 1726032.5316 1726032.5316
4 4000000.0000 2726675.0495 2726675.0495 2726675.0495 1107025.4100 1107025.4100 0.0000 1116719.4738 1726032.5316 1726032.5316
8 4000000.0000 2726675.0495 2726675.0495 2726675.0495 1116719.4738 1116719.4738 1116719.4738 0.0000 1726032.5316 1726032.5316
9 4000000.0000 2726675.0495 2726675.0495 2726675.0495 1726032.5316 1726032.5316 1726032.5316 1726032.5316 0.0000 1664469.1109
7 4000000.0000 2726675.0495 2726675.0495 2726675.0495 1726032.5316 1726032.5316 1726032.5316 1726032.5316 1664469.1109 0.0000
