10
10 0.000000000000 93471.683210579999 3999999.999999990221 3999999.999999990221 3999999.999999990221 4000000.000000000000 4000000.000000000000 4000000.000000000000 4000000.000000009779 4000000.000000009779
9 93471.683210579999 0.000000000000 3999999.999999990221 3999999.999999990221 3999999.999999990221 4000000.000000000000 4000000.000000000000 4000000.000000000000 4000000.000000009779 4000000.000000009779
5 3999999.999999990221 3999999.999999990221 0.000000000000 2572634.174402640201 2572634.174402640201 2572634.174402649980 2572634.174402649980 2811912.424890810158 3292127.662720260210 3292127.662720260210
7 3999999.999999990221 3999999.999999990221 2572634.174402640201 0.000000000000 1183542.816300279927 1655516.044956689933 1655516.044956689933 2811912.424890810158 3292127.662720260210 3292127.662720260210
8 3999999.999999990221 3999999.999999990221 2572634.174402640201 1183542.816300279927 0.000000000000 1655516.044956689933 1655516.044956689933 2811912.424890810158 3292127.662720260210 3292127.662720260210
6 4000000.000000000000 4000000.000000000000 2572634.174402649980 1655516.044956689933 1655516.044956689933 0.000000000000 171762.347733060014 2811912.424890819937 3292127.662720269524 3292127.662720269524
2 4000000.000000000000 4000000.000000000000 2572634.174402649980 1655516.044956689933 1655516.044956689933 171762.347733060014 0.000000000000 2811912.424890819937 3292127.662720269524 3292127.662720269524
4 4000000.000000000000 4000000.000000000000 2811912.424890810158 2811912.424890810158 2811912.424890810158 2811912.424890819937 2811912.424890819937 0.000000000000 3292127.662720269524 3292127.662720269524
3 4000000.000000009779 4000000.000000009779 3292127.662720260210 3292127.662720260210 3292127.662720260210 3292127.662720269524 3292127.662720269524 3292127.662720269524 0.000000000000 2912590.173906039912
1 4000000.000000009779 4000000.000000009779 3292127.662720260210 3292127.662720260210 3292127.662720260210 3292127.662720269524 3292127.662720269524 3292127.662720269524 2912590.173906039912 0.000000000000
