10
8 0.000000000000 2041932.577387999976 2507198.959929040167 3142520.456253889948 3999999.999999990221 3999999.999999990221 4000000.000000000000 4000000.000000000000 3999999.999999990221 3999999.999999990221
7 2041932.577387999976 0.000000000000 2507198.959929040167 3142520.456253889948 3999999.999999990221 3999999.999999990221 4000000.000000000000 4000000.000000000000 3999999.999999990221 3999999.999999990221
10 2507198.959929040167 2507198.959929040167 0.000000000000 3142520.456253889948 3999999.999999990221 3999999.999999990221 4000000.000000000000 4000000.000000000000 3999999.999999990221 3999999.999999990221
9 3142520.456253889948 3142520.456253889948 3142520.456253889948 0.000000000000 4000000.000000000000 4000000.000000000000 4000000.000000009779 4000000.000000009779 4000000.000000000000 4000000.000000000000
3 3999999.999999990221 3999999.999999990221 3999999.999999990221 4000000.000000000000 0.000000000000 1443565.278657780029 1970537.175200250000 1970537.175200250000 2874744.238283320330 2874744.238283320330
5 3999999.999999990221 3999999.999999990221 3999999.999999990221 4000000.000000000000 1443565.278657780029 0.000000000000 1970537.175200250000 1970537.175200250000 2874744.238283320330 2874744.238283320330
2 4000000.000000000000 4000000.000000000000 4000000.000000000000 4000000.000000009779 1970537.175200250000 1970537.175200250000 0.000000000000 1630984.735540939961 2874744.238283330109 2874744.238283330109
6 4000000.000000000000 4000000.000000000000 4000000.000000000000 4000000.000000009779 1970537.175200250000 1970537.175200250000 1630984.735540939961 0.000000000000 2874744.238283330109 2874744.238283330109
4 3999999.999999990221 3999999.999999990221 3999999.999999990221 4000000.000000000000 2874744.238283320330 2874744.238283320330 2874744.238283330109 2874744.238283330109 0.000000000000 1962461.021066060057
1 3999999.999999990221 3999999.999999990221 3999999.999999990221 4000000.000000000000 2874744.238283320330 2874744.238283320330 2874744.238283330109 2874744.238283330109 1962461.021066060057 0.000000000000
