10
10 0.000000000000 1455202.776638859883 1455202.776638859883 2898969.063036319800 2898969.063036319800 4000000.000000000000 4000000.000000000000 4000000.000000000000 4000000.000000000000 4000000.000000000000
6 1455202.776638859883 0.000000000000 53425.545587159999 2898969.063036319800 2898969.063036319800 4000000.000000000000 4000000.000000000000 4000000.000000000000 4000000.000000000000 4000000.000000000000
7 1455202.776638859883 53425.545587159999 0.000000000000 2898969.063036319800 2898969.063036319800 4000000.000000000000 4000000.000000000000 4000000.000000000000 4000000.000000000000 4000000.000000000000
8 2898969.063036319800 2898969.063036319800 2898969.063036319800 0.000000000000 772290.649078720016 4000000.000000000000 4000000.000000000000 4000000.000000000000 4000000.000000000000 4000000.000000000000
9 2898969.063036319800 2898969.063036319800 2898969.063036319800 772290.649078720016 0.000000000000 4000000.000000000000 4000000.000000000000 4000000.000000000000 4000000.000000000000 4000000.000000000000
5 4000000.000000000000 4000000.000000000000 4000000.000000000000 4000000.000000000000 4000000.000000000000 0.000000000000 2027990.495333479950 2027990.495333479950 2027990.495333479950 2713477.245572919957
2 4000000.000000000000 4000000.000000000000 4000000.000000000000 4000000.000000000000 4000000.000000000000 2027990.495333479950 0.000000000000 1267671.888834479963 1267671.888834479963 2713477.245572919957
3 4000000.000000000000 4000000.000000000000 4000000.000000000000 4000000.000000000000 4000000.000000000000 2027990.495333479950 1267671.888834479963 0.000000000000 992112.577274680021 2713477.245572919957
4 4000000.000000000000 4000000.000000000000 4000000.000000000000 4000000.000000000000 4000000.000000000000 2027990.495333479950 1267671.888834479963 992112.577274680021 0.000000000000 2713477.245572919957
1 4000000.000000000000 4000000.000000000000 4000000.000000000000 4000000.000000000000 4000000.000000000000 2713477.245572919957 2713477.245572919957 2713477.245572919957 2713477.245572919957 0.000000000000
