10
10 0.000000000000 4000000.000000000000 4000000.000000000000 4000000.000000000000 4000000.000000000000 4000000.000000010245 4000000.000000010245 4000000.000000010245 4000000.000000000000 4000000.000000000000
3 4000000.000000000000 0.000000000000 959017.373221199960 1939635.208333679941 1939635.208333679941 2034825.583212730009 2034825.583212730009 2034825.583212730009 3480379.997765639797 3480379.997765639797
8 4000000.000000000000 959017.373221199960 0.000000000000 1939635.208333679941 1939635.208333679941 2034825.583212730009 2034825.583212730009 2034825.583212730009 3480379.997765639797 3480379.997765639797
5 4000000.000000000000 1939635.208333679941 1939635.208333679941 0.000000000000 248312.500338279991 2034825.583212730009 2034825.583212730009 2034825.583212730009 3480379.997765639797 3480379.997765639797
6 4000000.000000000000 1939635.208333679941 1939635.208333679941 248312.500338279991 0.000000000000 2034825.583212730009 2034825.583212730009 2034825.583212730009 3480379.997765639797 3480379.997765639797
4 4000000.000000010245 2034825.583212730009 2034825.583212730009 2034825.583212730009 2034825.583212730009 0.000000000000 1620740.131187479943 1620740.131187479943 3480379.997765650041 3480379.997765650041
1 4000000.000000010245 2034825.583212730009 2034825.583212730009 2034825.583212730009 2034825.583212730009 1620740.131187479943 0.000000000000 1340947.528211680008 3480379.997765650041 3480379.997765650041
9 4000000.000000010245 2034825.583212730009 2034825.583212730009 2034825.583212730009 2034825.583212730009 1620740.131187479943 1340947.528211680008 0.000000000000 3480379.997765650041 3480379.997765650041
2 4000000.000000000000 3480379.997765639797 3480379.997765639797 3480379.997765639797 3480379.997765639797 3480379.997765650041 3480379.997765650041 3480379.997765650041 0.000000000000 2654882.201166700106
7 4000000.000000000000 3480379.997765639797 3480379.997765639797 3480379.997765639797 3480379.997765639797 3480379.997765650041 3480379.997765650041 3480379.997765650041 2654882.201166700106 0.000000000000
