10
8 0.0000 2041932.5774 2507198.9599 3142520.4563 4000000.0000 4000000.0000 4000000.0000 4000000.0000 4000000.0000 4000000.0000
7 2041932.5774 0.0000 2507198.9599 3142520.4563 4000000.0000 4000000.0000 4000000.0000 4000000.0000 4000000.0000 4000000.0000
10 2507198.9599 2507198.9599 0.0000 3142520.4563 4000000.0000 4000000.0000 4000000.0000 4000000.0000 4000000.0000 4000000.0000
9 3142520.4563 3142520.4563 3142520.4563 0.0000 4000000.0000 4000000.0000 4000000.0000 4000000.0000 4000000.0000 4000000.0000
3 4000000.0000 4000000.0000 4000000.0000 4000000.0000 0.0000 1443565.2787 1970537.1752 1970537.1752 2874744.2383 2874744.2383
5 4000000.0000 4000000.0000 4000000.0000 4000000.0000 1443565.2787 0.0000 1970537.1752 1970537.1752 2874744.2383 2874744.2383
2 4000000.0000 4000000.0000 4000000.0000 4000000.0000 1970537.1752 1970537.1752 0.0000 1630984.7355 2874744.2383 2874744.2383
6 4000000.0000 4000000.0000 4000000.0000 4000000.0000 1970537.1752 1970537.1752 1630984.7355 0.0000 2874744.2383 2874744.2383
4 4000000.0000 4000000.0000 4000000.0000 4000000.0000 2874744.2383 2874744.2383 2874744.2383 2874744.2383 0.0000 1962461.0211
1 4000000.0000 4000000.0000 4000000.0000 4000000.0000 2874744.2383 2874744.2383 2874744.2383 2874744.2383 1962461.0211 0.0000
