10
9 0.0000 1561739.6741 3652288.4250 3652288.4250 3652288.4250 3652288.4250 4000000.0000 4000000.0000 4000000.0000 4000000.0000
7 1561739.6741 0.0000 3652288.4250 3652288.4250 3652288.4250 3652288.4250 4000000.0000 4000000.0000 4000000.0000 4000000.0000
5 3652288.4250 3652288.4250 0.0000 941443.0452 3620933.5593 3620933.5593 4000000.0000 4000000.0000 4000000.0000 4000000.0000
10 3652288.4250 3652288.4250 941443.0452 0.0000 3620933.5593 3620933.5593 4000000.0000 4000000.0000 4000000.0000 4000000.0000
8 3652288.4250 3652288.4250 3620933.5593 3620933.5593 0.0000 2575203.1135 4000000.0000 4000000.0000 4000000.0000 4000000.0000
6 3652288.4250 3652288.4250 3620933.5593 3620933.5593 2575203.1135 0.0000 4000000.0000 4000000.0000 4000000.0000 4000000.0000
3 4000000.0000 4000000.0000 4000000.0000 4000000.0000 4000000.0000 4000000.0000 0.0000 1586141.9514 2372460.5204 2372460.5204
2 4000000.0000 4000000.0000 4000000.0000 4000000.0000 4000000.0000 4000000.0000 1586141.9514 0.0000 2372460.5204 2372460.5204
1 4000000.0000 4000000.0000 4000000.0000 4000000.0000 4000000.0000 4000000.0000 2372460.5204 2372460.5204 0.0000 1002245.3637
4 4000000.0000 4000000.0000 4000000.0000 4000000.0000 4000000.0000 4000000.0000 2372460.5204 2372460.5204 1002245.3637 0.0000
