10
9 0.0000 2215615.7656 4000000.0000 4000000.0000 4000000.0000 4000000.0000 4000000.0000 4000000.0000 4000000.0000 4000000.0000
10 2215615.7656 0.0000 4000000.0000 4000000.0000 4000000.0000 4000000.0000 4000000.0000 4000000.0000 4000000.0000 4000000.0000
7 4000000.0000 4000000.0000 0.0000 3743141.8462 3743141.8462 3743141.8462 3743141.8462 3743141.8462 3743141.8462 3743141.8462
2 4000000.0000 4000000.0000 3743141.8462 0.0000 2958409.3421 2958409.3421 3212025.0506 3212025.0506 3501957.2048 3501957.2048
5 4000000.0000 4000000.0000 3743141.8462 2958409.3421 0.0000 1374107.8518 3212025.0506 3212025.0506 3501957.2048 3501957.2048
6 4000000.0000 4000000.0000 3743141.8462 2958409.3421 1374107.8518 0.0000 3212025.0506 3212025.0506 3501957.2048 3501957.2048
1 4000000.0000 4000000.0000 3743141.8462 3212025.0506 3212025.0506 3212025.0506 0.0000 714653.6541 3501957.2048 3501957.2048
4 4000000.0000 4000000.0000 3743141.8462 3212025.0506 3212025.0506 3212025.0506 714653.6541 0.0000 3501957.2048 3501957.2048
8 4000000.0000 4000000.0000 3743141.8462 3501957.2048 3501957.2048 3501957.2048 3501957.2048 3501957.2048 0.0000 2585789.0023
3 4000000.0000 4000000.0000 3743141.8462 3501957.2048 3501957.2048 3501957.2048 3501957.2048 3501957.2048 2585789.0023 0.0000
