10
7 0.000000000000 996662.708068759996 1872959.358885920141 2198375.659711260349 3748496.601962070446 3748496.601962070446 3999999.999999990221 3999999.999999990221 3999999.999999990221 3999999.999999990221
8 996662.708068759996 0.000000000000 1872959.358885920141 2198375.659711260349 3748496.601962070446 3748496.601962070446 3999999.999999990221 3999999.999999990221 3999999.999999990221 3999999.999999990221
5 1872959.358885920141 1872959.358885920141 0.000000000000 2198375.659711259883 3748496.601962069981 3748496.601962069981 3999999.999999989755 3999999.999999989755 3999999.999999989755 3999999.999999989755
10 2198375.659711260349 2198375.659711260349 2198375.659711259883 0.000000000000 3748496.601962069981 3748496.601962069981 3999999.999999989755 3999999.999999989755 3999999.999999989755 3999999.999999989755
6 3748496.601962070446 3748496.601962070446 3748496.601962069981 3748496.601962069981 0.000000000000 1911083.447743179975 4000000.000000000000 4000000.000000000000 4000000.000000000000 4000000.000000000000
9 3748496.601962070446 3748496.601962070446 3748496.601962069981 3748496.601962069981 1911083.447743179975 0.000000000000 4000000.000000000000 4000000.000000000000 4000000.000000000000 4000000.000000000000
2 3999999.999999990221 3999999.999999990221 3999999.999999989755 3999999.999999989755 4000000.000000000000 4000000.000000000000 0.000000000000 1343302.910069199977 2647754.854594619945 2900050.172861679923
4 3999999.999999990221 3999999.999999990221 3999999.999999989755 3999999.999999989755 4000000.000000000000 4000000.000000000000 1343302.910069199977 0.000000000000 2647754.854594619945 2900050.172861679923
3 3999999.999999990221 3999999.999999990221 3999999.999999989755 3999999.999999989755 4000000.000000000000 4000000.000000000000 2647754.854594619945 2647754.854594619945 0.000000000000 2900050.172861679923
1 3999999.999999990221 3999999.999999990221 3999999.999999989755 3999999.999999989755 4000000.000000000000 4000000.000000000000 2900050.172861679923 2900050.172861679923 2900050.172861679923 0.000000000000
