10
4 0.000000000000 2592194.520282739773 2592194.520282739773 3982501.489764980040 3982501.489764980040 3982501.489764980040 3982501.489764980040 3982501.489764980040 4000000.000000000000 4000000.000000000000
3 2592194.520282739773 0.000000000000 1174244.510299500078 3982501.489764980040 3982501.489764980040 3982501.489764980040 3982501.489764980040 3982501.489764980040 4000000.000000000000 4000000.000000000000
9 2592194.520282739773 1174244.510299500078 0.000000000000 3982501.489764980040 3982501.489764980040 3982501.489764980040 3982501.489764980040 3982501.489764980040 4000000.000000000000 4000000.000000000000
6 3982501.489764980040 3982501.489764980040 3982501.489764980040 0.000000000000 2899200.860907219816 2899200.860907219816 2899200.860907219816 3568620.167248419952 4000000.000000000000 4000000.000000000000
10 3982501.489764980040 3982501.489764980040 3982501.489764980040 2899200.860907219816 0.000000000000 936379.684844580013 2634573.836008899845 3568620.167248419952 4000000.000000000000 4000000.000000000000
5 3982501.489764980040 3982501.489764980040 3982501.489764980040 2899200.860907219816 936379.684844580013 0.000000000000 2634573.836008899845 3568620.167248419952 4000000.000000000000 4000000.000000000000
8 3982501.489764980040 3982501.489764980040 3982501.489764980040 2899200.860907219816 2634573.836008899845 2634573.836008899845 0.000000000000 3568620.167248419952 4000000.000000000000 4000000.000000000000
7 3982501.489764980040 3982501.489764980040 3982501.489764980040 3568620.167248419952 3568620.167248419952 3568620.167248419952 3568620.167248419952 0.000000000000 4000000.000000000000 4000000.000000000000
2 4000000.000000000000 4000000.000000000000 4000000.000000000000 4000000.000000000000 4000000.000000000000 4000000.000000000000 4000000.000000000000 4000000.000000000000 0.000000000000 1897331.565710440045
1 4000000.000000000000 4000000.000000000000 4000000.000000000000 4000000.000000000000 4000000.000000000000 4000000.000000000000 4000000.000000000000 4000000.000000000000 1897331.565710440045 0.000000000000
