9
5 0.0000 18.0000 32.0000 31.0000 35.0000 32.0000 54.0000 48.0000 39.0000
4 18.0000 0.0000 22.0000 21.0000 25.0000 22.0000 44.0000 38.0000 29.0000
3 32.0000 22.0000 0.0000 5.0000 23.0000 20.0000 42.0000 36.0000 27.0000
2 31.0000 21.0000 5.0000 0.0000 22.0000 19.0000 41.0000 35.0000 26.0000
 8 35.0000 25.0000 23.0000 22.0000 0.0000 9.0000 33.0000 27.0000 18.0000
1 32.0000 22.0000 20.0000 19.0000 9.0000 0.0000 30.0000 24.0000 15.0000
 7 54.0000 44.0000 42.0000 41.0000 33.0000 30.0000 0.0000 10.0000 17.0000
6 48.0000 38.0000 36.0000 35.0000 27.0000 24.0000 10.0000 0.0000 11.0000
0 39.0000 29.0000 27.0000 26.0000 18.0000 15.0000 17.0000 11.0000 0.0000
