10
4 0.000000000000 0.008739140000 0.008739140000 0.009792020000 0.050537290000 0.050537280000 0.050537280000 0.050537280000 0.050537280000 0.050537280000
2 0.008739140000 0.000000000000 0.003805100000 0.009792020000 0.050537290000 0.050537280000 0.050537280000 0.050537280000 0.050537280000 0.050537280000
6 0.008739140000 0.003805100000 0.000000000000 0.009792020000 0.050537290000 0.050537280000 0.050537280000 0.050537280000 0.050537280000 0.050537280000
1 0.009792020000 0.009792020000 0.009792020000 0.000000000000 0.050537290000 0.050537280000 0.050537280000 0.050537280000 0.050537280000 0.050537280000
8 0.050537290000 0.050537290000 0.050537290000 0.050537290000 0.000000000000 0.048882050000 0.048882050000 0.048882050000 0.048882050000 0.048882050000
9 0.050537280000 0.050537280000 0.050537280000 0.050537280000 0.048882050000 0.000000000000 0.032994540000 0.048593220000 0.048593220000 0.048593220000
10 0.050537280000 0.050537280000 0.050537280000 0.050537280000 0.048882050000 0.032994540000 0.000000000000 0.048593220000 0.048593220000 0.048593220000
7 0.050537280000 0.050537280000 0.050537280000 0.050537280000 0.048882050000 0.048593220000 0.048593220000 0.000000000000 0.031859480000 0.031859480000
3 0.050537280000 0.050537280000 0.050537280000 0.050537280000 0.048882050000 0.048593220000 0.048593220000 0.031859480000 0.000000000000 0.005155260000
5 0.050537280000 0.050537280000 0.050537280000 0.050537280000 0.048882050000 0.048593220000 0.048593220000 0.031859480000 0.005155260000 0.000000000000
