10
4 0.000000000000 0.011717050000 0.011717050000 0.011717040000 0.049634910000 0.049634910000 0.049634910000 0.064797480000 0.064797480000 0.064797490000
6 0.011717050000 0.000000000000 0.004513920000 0.008343930000 0.049634920000 0.049634920000 0.049634920000 0.064797490000 0.064797490000 0.064797500000
2 0.011717050000 0.004513920000 0.000000000000 0.008343930000 0.049634920000 0.049634920000 0.049634920000 0.064797490000 0.064797490000 0.064797500000
1 0.011717040000 0.008343930000 0.008343930000 0.000000000000 0.049634910000 0.049634910000 0.049634910000 0.064797480000 0.064797480000 0.064797490000
8 0.049634910000 0.049634920000 0.049634920000 0.049634910000 0.000000000000 0.047541380000 0.047541380000 0.064797490000 0.064797490000 0.064797500000
9 0.049634910000 0.049634920000 0.049634920000 0.049634910000 0.047541380000 0.000000000000 0.023244160000 0.064797490000 0.064797490000 0.064797500000
10 0.049634910000 0.049634920000 0.049634920000 0.049634910000 0.047541380000 0.023244160000 0.000000000000 0.064797490000 0.064797490000 0.064797500000
3 0.064797480000 0.064797490000 0.064797490000 0.064797480000 0.064797490000 0.064797490000 0.064797490000 0.000000000000 0.007208660000 0.039949770000
5 0.064797480000 0.064797490000 0.064797490000 0.064797480000 0.064797490000 0.064797490000 0.064797490000 0.007208660000 0.000000000000 0.039949770000
7 0.064797490000 0.064797500000 0.064797500000 0.064797490000 0.064797500000 0.064797500000 0.064797500000 0.039949770000 0.039949770000 0.000000000000
