10
10 0.000000000000 0.021595660000 0.046107840000 0.048850150000 0.048850150000 0.048850150000 0.048850150000 0.048850150000 0.048850150000 0.048850150000
9 0.021595660000 0.000000000000 0.046107840000 0.048850150000 0.048850150000 0.048850150000 0.048850150000 0.048850150000 0.048850150000 0.048850150000
8 0.046107840000 0.046107840000 0.000000000000 0.048850150000 0.048850150000 0.048850150000 0.048850150000 0.048850150000 0.048850150000 0.048850150000
1 0.048850150000 0.048850150000 0.048850150000 0.000000000000 0.017814240000 0.017814240000 0.017814240000 0.048329820000 0.048329820000 0.048329820000
2 0.048850150000 0.048850150000 0.048850150000 0.017814240000 0.000000000000 0.002542860000 0.014603820000 0.048329820000 0.048329820000 0.048329820000
6 0.048850150000 0.048850150000 0.048850150000 0.017814240000 0.002542860000 0.000000000000 0.014603820000 0.048329820000 0.048329820000 0.048329820000
4 0.048850150000 0.048850150000 0.048850150000 0.017814240000 0.014603820000 0.014603820000 0.000000000000 0.048329820000 0.048329820000 0.048329820000
7 0.048850150000 0.048850150000 0.048850150000 0.048329820000 0.048329820000 0.048329820000 0.048329820000 0.000000000000 0.032082680000 0.032082680000
5 0.048850150000 0.048850150000 0.048850150000 0.048329820000 0.048329820000 0.048329820000 0.048329820000 0.032082680000 0.000000000000 0.005104680000
3 0.048850150000 0.048850150000 0.048850150000 0.048329820000 0.048329820000 0.048329820000 0.048329820000 0.032082680000 0.005104680000 0.000000000000
