10
3 0.000000000000 0.009068500000 0.033339010000 0.047539810000 0.047539810000 0.051676540000 0.051676540000 0.051676540000 0.051676540000 0.051676540000
5 0.009068500000 0.000000000000 0.033339010000 0.047539810000 0.047539810000 0.051676540000 0.051676540000 0.051676540000 0.051676540000 0.051676540000
7 0.033339010000 0.033339010000 0.000000000000 0.047539820000 0.047539820000 0.051676550000 0.051676550000 0.051676550000 0.051676550000 0.051676550000
9 0.047539810000 0.047539810000 0.047539820000 0.000000000000 0.024831220000 0.051676550000 0.051676550000 0.051676550000 0.051676550000 0.051676550000
10 0.047539810000 0.047539810000 0.047539820000 0.024831220000 0.000000000000 0.051676550000 0.051676550000 0.051676550000 0.051676550000 0.051676550000
1 0.051676540000 0.051676540000 0.051676550000 0.051676550000 0.051676550000 0.000000000000 0.009683600000 0.009683600000 0.012940360000 0.047940440000
6 0.051676540000 0.051676540000 0.051676550000 0.051676550000 0.051676550000 0.009683600000 0.000000000000 0.004292280000 0.012940360000 0.047940440000
2 0.051676540000 0.051676540000 0.051676550000 0.051676550000 0.051676550000 0.009683600000 0.004292280000 0.000000000000 0.012940360000 0.047940440000
4 0.051676540000 0.051676540000 0.051676550000 0.051676550000 0.051676550000 0.012940360000 0.012940360000 0.012940360000 0.000000000000 0.047940440000
8 0.051676540000 0.051676540000 0.051676550000 0.051676550000 0.051676550000 0.047940440000 0.047940440000 0.047940440000 0.047940440000 0.000000000000
