10
2 0.000000000000 0.008405060000 0.013257080000 0.013257080000 0.052902280000 0.052902280000 0.052902280000 0.052902280000 0.052902270000 0.052902270000
1 0.008405060000 0.000000000000 0.013257080000 0.013257080000 0.052902280000 0.052902280000 0.052902280000 0.052902280000 0.052902270000 0.052902270000
4 0.013257080000 0.013257080000 0.000000000000 0.011116880000 0.052902280000 0.052902280000 0.052902280000 0.052902280000 0.052902270000 0.052902270000
6 0.013257080000 0.013257080000 0.011116880000 0.000000000000 0.052902280000 0.052902280000 0.052902280000 0.052902280000 0.052902270000 0.052902270000
3 0.052902280000 0.052902280000 0.052902280000 0.052902280000 0.000000000000 0.006636040000 0.047650700000 0.047846080000 0.048436670000 0.048436670000
5 0.052902280000 0.052902280000 0.052902280000 0.052902280000 0.006636040000 0.000000000000 0.047650700000 0.047846080000 0.048436670000 0.048436670000
8 0.052902280000 0.052902280000 0.052902280000 0.052902280000 0.047650700000 0.047650700000 0.000000000000 0.047846080000 0.048436670000 0.048436670000
7 0.052902280000 0.052902280000 0.052902280000 0.052902280000 0.047846080000 0.047846080000 0.047846080000 0.000000000000 0.048436670000 0.048436670000
9 0.052902270000 0.052902270000 0.052902270000 0.052902270000 0.048436670000 0.048436670000 0.048436670000 0.048436670000 0.000000000000 0.023411200000
10 0.052902270000 0.052902270000 0.052902270000 0.052902270000 0.048436670000 0.048436670000 0.048436670000 0.048436670000 0.023411200000 0.000000000000
