10
7 0.000000000000 0.031293910000 0.031293910000 0.049361080000 0.049361080000 0.049361080000 0.049361080000 0.056481560000 0.056481560000 0.056481560000
3 0.031293910000 0.000000000000 0.001715060000 0.049361090000 0.049361090000 0.049361090000 0.049361090000 0.056481570000 0.056481570000 0.056481570000
5 0.031293910000 0.001715060000 0.000000000000 0.049361090000 0.049361090000 0.049361090000 0.049361090000 0.056481570000 0.056481570000 0.056481570000
4 0.049361080000 0.049361090000 0.049361090000 0.000000000000 0.009729960000 0.009729960000 0.009729960000 0.056481560000 0.056481560000 0.056481560000
1 0.049361080000 0.049361090000 0.049361090000 0.009729960000 0.000000000000 0.006815740000 0.006815740000 0.056481560000 0.056481560000 0.056481560000
6 0.049361080000 0.049361090000 0.049361090000 0.009729960000 0.006815740000 0.000000000000 0.005279560000 0.056481560000 0.056481560000 0.056481560000
2 0.049361080000 0.049361090000 0.049361090000 0.009729960000 0.006815740000 0.005279560000 0.000000000000 0.056481560000 0.056481560000 0.056481560000
8 0.056481560000 0.056481570000 0.056481570000 0.056481560000 0.056481560000 0.056481560000 0.056481560000 0.000000000000 0.048446960000 0.048446960000
10 0.056481560000 0.056481570000 0.056481570000 0.056481560000 0.056481560000 0.056481560000 0.056481560000 0.048446960000 0.000000000000 0.021517280000
9 0.056481560000 0.056481570000 0.056481570000 0.056481560000 0.056481560000 0.056481560000 0.056481560000 0.048446960000 0.021517280000 0.000000000000
