10
8 0.000000000000 0.046260380000 0.046260380000 0.047928000000 0.047928000000 0.047928000000 0.047928000000 0.050367390000 0.050367390000 0.050367390000
9 0.046260380000 0.000000000000 0.025316460000 0.047928000000 0.047928000000 0.047928000000 0.047928000000 0.050367390000 0.050367390000 0.050367390000
10 0.046260380000 0.025316460000 0.000000000000 0.047928000000 0.047928000000 0.047928000000 0.047928000000 0.050367390000 0.050367390000 0.050367390000
1 0.047928000000 0.047928000000 0.047928000000 0.000000000000 0.007473960000 0.009155960000 0.009155960000 0.050367390000 0.050367390000 0.050367390000
6 0.047928000000 0.047928000000 0.047928000000 0.007473960000 0.000000000000 0.009155960000 0.009155960000 0.050367390000 0.050367390000 0.050367390000
2 0.047928000000 0.047928000000 0.047928000000 0.009155960000 0.009155960000 0.000000000000 0.008887720000 0.050367390000 0.050367390000 0.050367390000
4 0.047928000000 0.047928000000 0.047928000000 0.009155960000 0.009155960000 0.008887720000 0.000000000000 0.050367390000 0.050367390000 0.050367390000
7 0.050367390000 0.050367390000 0.050367390000 0.050367390000 0.050367390000 0.050367390000 0.050367390000 0.000000000000 0.041013320000 0.041013320000
5 0.050367390000 0.050367390000 0.050367390000 0.050367390000 0.050367390000 0.050367390000 0.050367390000 0.041013320000 0.000000000000 0.006654980000
3 0.050367390000 0.050367390000 0.050367390000 0.050367390000 0.050367390000 0.050367390000 0.050367390000 0.041013320000 0.006654980000 0.000000000000
