10
5 0.000000000000 0.002144840000 0.036626200000 0.047534280000 0.047534280000 0.047534280000 0.047534280000 0.048537710000 0.048537710000 0.049960090000
3 0.002144840000 0.000000000000 0.036626200000 0.047534280000 0.047534280000 0.047534280000 0.047534280000 0.048537710000 0.048537710000 0.049960090000
7 0.036626200000 0.036626200000 0.000000000000 0.047534280000 0.047534280000 0.047534280000 0.047534280000 0.048537710000 0.048537710000 0.049960090000
4 0.047534280000 0.047534280000 0.047534280000 0.000000000000 0.008432420000 0.009765540000 0.009765540000 0.048537710000 0.048537710000 0.049960090000
1 0.047534280000 0.047534280000 0.047534280000 0.008432420000 0.000000000000 0.009765540000 0.009765540000 0.048537710000 0.048537710000 0.049960090000
2 0.047534280000 0.047534280000 0.047534280000 0.009765540000 0.009765540000 0.000000000000 0.003574880000 0.048537710000 0.048537710000 0.049960090000
6 0.047534280000 0.047534280000 0.047534280000 0.009765540000 0.009765540000 0.003574880000 0.000000000000 0.048537710000 0.048537710000 0.049960090000
9 0.048537710000 0.048537710000 0.048537710000 0.048537710000 0.048537710000 0.048537710000 0.048537710000 0.000000000000 0.022002980000 0.049960100000
10 0.048537710000 0.048537710000 0.048537710000 0.048537710000 0.048537710000 0.048537710000 0.048537710000 0.022002980000 0.000000000000 0.049960100000
8 0.049960090000 0.049960090000 0.049960090000 0.049960090000 0.049960090000 0.049960090000 0.049960090000 0.049960100000 0.049960100000 0.000000000000
