10
3 0.000000000000 0.001410420000 0.047946580000 0.047946570000 0.047946570000 0.047946570000 0.047946580000 0.057900760000 0.057900760000 0.057900760000
5 0.001410420000 0.000000000000 0.047946580000 0.047946570000 0.047946570000 0.047946570000 0.047946580000 0.057900760000 0.057900760000 0.057900760000
4 0.047946580000 0.047946580000 0.000000000000 0.009472470000 0.009472470000 0.009472470000 0.047067640000 0.057900760000 0.057900760000 0.057900760000
1 0.047946570000 0.047946570000 0.009472470000 0.000000000000 0.006786940000 0.006786940000 0.047067630000 0.057900750000 0.057900750000 0.057900750000
2 0.047946570000 0.047946570000 0.009472470000 0.006786940000 0.000000000000 0.004814820000 0.047067630000 0.057900750000 0.057900750000 0.057900750000
6 0.047946570000 0.047946570000 0.009472470000 0.006786940000 0.004814820000 0.000000000000 0.047067630000 0.057900750000 0.057900750000 0.057900750000
7 0.047946580000 0.047946580000 0.047067640000 0.047067630000 0.047067630000 0.047067630000 0.000000000000 0.057900760000 0.057900760000 0.057900760000
8 0.057900760000 0.057900760000 0.057900760000 0.057900750000 0.057900750000 0.057900750000 0.057900760000 0.000000000000 0.045538240000 0.045538240000
10 0.057900760000 0.057900760000 0.057900760000 0.057900750000 0.057900750000 0.057900750000 0.057900760000 0.045538240000 0.000000000000 0.023935640000
9 0.057900760000 0.057900760000 0.057900760000 0.057900750000 0.057900750000 0.057900750000 0.057900760000 0.045538240000 0.023935640000 0.000000000000
