10
5 0.000000000000 0.002342520000 0.033736220000 0.062934150000 0.062934140000 0.062934140000 0.062934140000 0.062934140000 0.062934140000 0.062934150000
3 0.002342520000 0.000000000000 0.033736220000 0.062934150000 0.062934140000 0.062934140000 0.062934140000 0.062934140000 0.062934140000 0.062934150000
7 0.033736220000 0.033736220000 0.000000000000 0.062934150000 0.062934140000 0.062934140000 0.062934140000 0.062934140000 0.062934140000 0.062934150000
1 0.062934150000 0.062934150000 0.062934150000 0.000000000000 0.006223850000 0.006223850000 0.009675230000 0.054372550000 0.054372550000 0.054372560000
2 0.062934140000 0.062934140000 0.062934140000 0.006223850000 0.000000000000 0.004847160000 0.009675220000 0.054372540000 0.054372540000 0.054372550000
6 0.062934140000 0.062934140000 0.062934140000 0.006223850000 0.004847160000 0.000000000000 0.009675220000 0.054372540000 0.054372540000 0.054372550000
4 0.062934140000 0.062934140000 0.062934140000 0.009675230000 0.009675220000 0.009675220000 0.000000000000 0.054372540000 0.054372540000 0.054372550000
9 0.062934140000 0.062934140000 0.062934140000 0.054372550000 0.054372540000 0.054372540000 0.054372540000 0.000000000000 0.025332140000 0.046917870000
10 0.062934140000 0.062934140000 0.062934140000 0.054372550000 0.054372540000 0.054372540000 0.054372540000 0.025332140000 0.000000000000 0.046917870000
8 0.062934150000 0.062934150000 0.062934150000 0.054372560000 0.054372550000 0.054372550000 0.054372550000 0.046917870000 0.046917870000 0.000000000000
