10
7 0.000000000000 0.031232400000 0.031232400000 0.048016350000 0.048016360000 0.048016350000 0.048016350000 0.053016820000 0.053016820000 0.053016820000
3 0.031232400000 0.000000000000 0.004810860000 0.048016350000 0.048016360000 0.048016350000 0.048016350000 0.053016820000 0.053016820000 0.053016820000
5 0.031232400000 0.004810860000 0.000000000000 0.048016350000 0.048016360000 0.048016350000 0.048016350000 0.053016820000 0.053016820000 0.053016820000
4 0.048016350000 0.048016350000 0.048016350000 0.000000000000 0.016428570000 0.016428560000 0.016428560000 0.053016810000 0.053016810000 0.053016810000
1 0.048016360000 0.048016360000 0.048016360000 0.016428570000 0.000000000000 0.006497550000 0.006497550000 0.053016820000 0.053016820000 0.053016820000
2 0.048016350000 0.048016350000 0.048016350000 0.016428560000 0.006497550000 0.000000000000 0.005932080000 0.053016810000 0.053016810000 0.053016810000
6 0.048016350000 0.048016350000 0.048016350000 0.016428560000 0.006497550000 0.005932080000 0.000000000000 0.053016810000 0.053016810000 0.053016810000
10 0.053016820000 0.053016820000 0.053016820000 0.053016810000 0.053016820000 0.053016810000 0.053016810000 0.000000000000 0.023188320000 0.048172180000
9 0.053016820000 0.053016820000 0.053016820000 0.053016810000 0.053016820000 0.053016810000 0.053016810000 0.023188320000 0.000000000000 0.048172180000
8 0.053016820000 0.053016820000 0.053016820000 0.053016810000 0.053016820000 0.053016810000 0.053016810000 0.048172180000 0.048172180000 0.000000000000
