10
8 0.000000000000 0.048612860000 0.048612850000 0.048612850000 0.055946270000 0.055946270000 0.055946270000 0.055946270000 0.055946270000 0.055946270000
7 0.048612860000 0.000000000000 0.032069170000 0.032069170000 0.055946270000 0.055946270000 0.055946270000 0.055946270000 0.055946270000 0.055946270000
5 0.048612850000 0.032069170000 0.000000000000 0.009812320000 0.055946260000 0.055946260000 0.055946260000 0.055946260000 0.055946260000 0.055946260000
3 0.048612850000 0.032069170000 0.009812320000 0.000000000000 0.055946260000 0.055946260000 0.055946260000 0.055946260000 0.055946260000 0.055946260000
2 0.055946270000 0.055946270000 0.055946260000 0.055946260000 0.000000000000 0.004065800000 0.006837700000 0.009779840000 0.049376120000 0.049376120000
6 0.055946270000 0.055946270000 0.055946260000 0.055946260000 0.004065800000 0.000000000000 0.006837700000 0.009779840000 0.049376120000 0.049376120000
1 0.055946270000 0.055946270000 0.055946260000 0.055946260000 0.006837700000 0.006837700000 0.000000000000 0.009779840000 0.049376120000 0.049376120000
4 0.055946270000 0.055946270000 0.055946260000 0.055946260000 0.009779840000 0.009779840000 0.009779840000 0.000000000000 0.049376120000 0.049376120000
10 0.055946270000 0.055946270000 0.055946260000 0.055946260000 0.049376120000 0.049376120000 0.049376120000 0.049376120000 0.000000000000 0.021367920000
9 0.055946270000 0.055946270000 0.055946260000 0.055946260000 0.049376120000 0.049376120000 0.049376120000 0.049376120000 0.021367920000 0.000000000000
