10
8 0.000000000000 0.048417950000 0.048417950000 0.048417950000 0.048417950000 0.057502930000 0.057502930000 0.057502940000 0.057502940000 0.057502930000
1 0.048417950000 0.000000000000 0.010096380000 0.010096380000 0.010096380000 0.057502940000 0.057502940000 0.057502950000 0.057502950000 0.057502940000
2 0.048417950000 0.010096380000 0.000000000000 0.004542600000 0.007900140000 0.057502940000 0.057502940000 0.057502950000 0.057502950000 0.057502940000
6 0.048417950000 0.010096380000 0.004542600000 0.000000000000 0.007900140000 0.057502940000 0.057502940000 0.057502950000 0.057502950000 0.057502940000
4 0.048417950000 0.010096380000 0.007900140000 0.007900140000 0.000000000000 0.057502940000 0.057502940000 0.057502950000 0.057502950000 0.057502940000
10 0.057502930000 0.057502940000 0.057502940000 0.057502940000 0.057502940000 0.000000000000 0.029368880000 0.048324970000 0.048324970000 0.048324960000
9 0.057502930000 0.057502940000 0.057502940000 0.057502940000 0.057502940000 0.029368880000 0.000000000000 0.048324970000 0.048324970000 0.048324960000
3 0.057502940000 0.057502950000 0.057502950000 0.057502950000 0.057502950000 0.048324970000 0.048324970000 0.000000000000 0.012517140000 0.034987730000
5 0.057502940000 0.057502950000 0.057502950000 0.057502950000 0.057502950000 0.048324970000 0.048324970000 0.012517140000 0.000000000000 0.034987730000
7 0.057502930000 0.057502940000 0.057502940000 0.057502940000 0.057502940000 0.048324960000 0.048324960000 0.034987730000 0.034987730000 0.000000000000
