10
4 0.000000000000 0.010387110000 0.010387110000 0.012547190000 0.047945630000 0.047945630000 0.047945630000 0.050582530000 0.050582530000 0.050582530000
2 0.010387110000 0.000000000000 0.002982340000 0.012547200000 0.047945640000 0.047945640000 0.047945640000 0.050582540000 0.050582540000 0.050582540000
6 0.010387110000 0.002982340000 0.000000000000 0.012547200000 0.047945640000 0.047945640000 0.047945640000 0.050582540000 0.050582540000 0.050582540000
1 0.012547190000 0.012547200000 0.012547200000 0.000000000000 0.047945640000 0.047945640000 0.047945640000 0.050582540000 0.050582540000 0.050582540000
10 0.047945630000 0.047945640000 0.047945640000 0.047945640000 0.000000000000 0.022784280000 0.045910220000 0.050582540000 0.050582540000 0.050582540000
9 0.047945630000 0.047945640000 0.047945640000 0.047945640000 0.022784280000 0.000000000000 0.045910220000 0.050582540000 0.050582540000 0.050582540000
8 0.047945630000 0.047945640000 0.047945640000 0.047945640000 0.045910220000 0.045910220000 0.000000000000 0.050582540000 0.050582540000 0.050582540000
3 0.050582530000 0.050582540000 0.050582540000 0.050582540000 0.050582540000 0.050582540000 0.050582540000 0.000000000000 0.011427420000 0.032643760000
5 0.050582530000 0.050582540000 0.050582540000 0.050582540000 0.050582540000 0.050582540000 0.050582540000 0.011427420000 0.000000000000 0.032643760000
7 0.050582530000 0.050582540000 0.050582540000 0.050582540000 0.050582540000 0.050582540000 0.050582540000 0.032643760000 0.032643760000 0.000000000000
