10
1 0.000000000000 0.015881520000 0.015881520000 0.015881520000 0.049629830000 0.049629830000 0.049629830000 0.051690650000 0.051690650000 0.051690650000
4 0.015881520000 0.000000000000 0.010715500000 0.010715500000 0.049629830000 0.049629830000 0.049629830000 0.051690650000 0.051690650000 0.051690650000
2 0.015881520000 0.010715500000 0.000000000000 0.004776400000 0.049629830000 0.049629830000 0.049629830000 0.051690650000 0.051690650000 0.051690650000
6 0.015881520000 0.010715500000 0.004776400000 0.000000000000 0.049629830000 0.049629830000 0.049629830000 0.051690650000 0.051690650000 0.051690650000
8 0.049629830000 0.049629830000 0.049629830000 0.049629830000 0.000000000000 0.045958180000 0.045958180000 0.051690660000 0.051690660000 0.051690660000
9 0.049629830000 0.049629830000 0.049629830000 0.049629830000 0.045958180000 0.000000000000 0.024906600000 0.051690660000 0.051690660000 0.051690660000
10 0.049629830000 0.049629830000 0.049629830000 0.049629830000 0.045958180000 0.024906600000 0.000000000000 0.051690660000 0.051690660000 0.051690660000
7 0.051690650000 0.051690650000 0.051690650000 0.051690650000 0.051690660000 0.051690660000 0.051690660000 0.000000000000 0.037217060000 0.037217060000
3 0.051690650000 0.051690650000 0.051690650000 0.051690650000 0.051690660000 0.051690660000 0.051690660000 0.037217060000 0.000000000000 0.009847120000
5 0.051690650000 0.051690650000 0.051690650000 0.051690650000 0.051690660000 0.051690660000 0.051690660000 0.037217060000 0.009847120000 0.000000000000
