10
2 0.000000000000 0.003361000000 0.008188070000 0.011322810000 0.049844120000 0.049844120000 0.049844120000 0.049844120000 0.049844120000 0.050200190000
6 0.003361000000 0.000000000000 0.008188070000 0.011322810000 0.049844120000 0.049844120000 0.049844120000 0.049844120000 0.049844120000 0.050200190000
1 0.008188070000 0.008188070000 0.000000000000 0.011322820000 0.049844130000 0.049844130000 0.049844130000 0.049844130000 0.049844130000 0.050200200000
4 0.011322810000 0.011322810000 0.011322820000 0.000000000000 0.049844130000 0.049844130000 0.049844130000 0.049844130000 0.049844130000 0.050200200000
10 0.049844120000 0.049844120000 0.049844130000 0.049844130000 0.000000000000 0.023312280000 0.047608720000 0.047608720000 0.047608720000 0.050200210000
9 0.049844120000 0.049844120000 0.049844130000 0.049844130000 0.023312280000 0.000000000000 0.047608720000 0.047608720000 0.047608720000 0.050200210000
5 0.049844120000 0.049844120000 0.049844130000 0.049844130000 0.047608720000 0.047608720000 0.000000000000 0.002401140000 0.032810180000 0.050200210000
3 0.049844120000 0.049844120000 0.049844130000 0.049844130000 0.047608720000 0.047608720000 0.002401140000 0.000000000000 0.032810180000 0.050200210000
7 0.049844120000 0.049844120000 0.049844130000 0.049844130000 0.047608720000 0.047608720000 0.032810180000 0.032810180000 0.000000000000 0.050200210000
8 0.050200190000 0.050200190000 0.050200200000 0.050200200000 0.050200210000 0.050200210000 0.050200210000 0.050200210000 0.050200210000 0.000000000000
