10
7 0.000000000000 0.032328720000 0.032328720000 0.059394700000 0.059394700000 0.059394700000 0.059394700000 0.059394700000 0.059394700000 0.059394700000
3 0.032328720000 0.000000000000 0.001378940000 0.059394700000 0.059394700000 0.059394700000 0.059394700000 0.059394700000 0.059394700000 0.059394700000
5 0.032328720000 0.001378940000 0.000000000000 0.059394700000 0.059394700000 0.059394700000 0.059394700000 0.059394700000 0.059394700000 0.059394700000
9 0.059394700000 0.059394700000 0.059394700000 0.000000000000 0.024195580000 0.056340140000 0.056340140000 0.056340140000 0.056340140000 0.056340140000
10 0.059394700000 0.059394700000 0.059394700000 0.024195580000 0.000000000000 0.056340140000 0.056340140000 0.056340140000 0.056340140000 0.056340140000
4 0.059394700000 0.059394700000 0.059394700000 0.056340140000 0.056340140000 0.000000000000 0.008353260000 0.008353260000 0.008353260000 0.049184600000
6 0.059394700000 0.059394700000 0.059394700000 0.056340140000 0.056340140000 0.008353260000 0.000000000000 0.004699780000 0.007192100000 0.049184600000
2 0.059394700000 0.059394700000 0.059394700000 0.056340140000 0.056340140000 0.008353260000 0.004699780000 0.000000000000 0.007192100000 0.049184600000
1 0.059394700000 0.059394700000 0.059394700000 0.056340140000 0.056340140000 0.008353260000 0.007192100000 0.007192100000 0.000000000000 0.049184600000
8 0.059394700000 0.059394700000 0.059394700000 0.056340140000 0.056340140000 0.049184600000 0.049184600000 0.049184600000 0.049184600000 0.000000000000
