10
1 0.000000000000 0.008800260000 0.008800260000 0.008800260000 0.053363030000 0.053363030000 0.053363030000 0.054600930000 0.054600930000 0.054600930000
4 0.008800260000 0.000000000000 0.008124260000 0.008124260000 0.053363030000 0.053363030000 0.053363030000 0.054600930000 0.054600930000 0.054600930000
2 0.008800260000 0.008124260000 0.000000000000 0.002666460000 0.053363030000 0.053363030000 0.053363030000 0.054600930000 0.054600930000 0.054600930000
6 0.008800260000 0.008124260000 0.002666460000 0.000000000000 0.053363030000 0.053363030000 0.053363030000 0.054600930000 0.054600930000 0.054600930000
7 0.053363030000 0.053363030000 0.053363030000 0.053363030000 0.000000000000 0.036503640000 0.036503640000 0.054600920000 0.054600920000 0.054600920000
5 0.053363030000 0.053363030000 0.053363030000 0.053363030000 0.036503640000 0.000000000000 0.002924600000 0.054600920000 0.054600920000 0.054600920000
3 0.053363030000 0.053363030000 0.053363030000 0.053363030000 0.036503640000 0.002924600000 0.000000000000 0.054600920000 0.054600920000 0.054600920000
9 0.054600930000 0.054600930000 0.054600930000 0.054600930000 0.054600920000 0.054600920000 0.054600920000 0.000000000000 0.023913860000 0.045116880000
10 0.054600930000 0.054600930000 0.054600930000 0.054600930000 0.054600920000 0.054600920000 0.054600920000 0.023913860000 0.000000000000 0.045116880000
8 0.054600930000 0.054600930000 0.054600930000 0.054600930000 0.054600920000 0.054600920000 0.054600920000 0.045116880000 0.045116880000 0.000000000000
