10
7 0.000000000000 0.031693120000 0.031693120000 0.049644840000 0.049644820000 0.049644820000 0.049644820000 0.049644830000 0.049644830000 0.049644830000
3 0.031693120000 0.000000000000 0.001502760000 0.049644840000 0.049644820000 0.049644820000 0.049644820000 0.049644830000 0.049644830000 0.049644830000
5 0.031693120000 0.001502760000 0.000000000000 0.049644840000 0.049644820000 0.049644820000 0.049644820000 0.049644830000 0.049644830000 0.049644830000
8 0.049644840000 0.049644840000 0.049644840000 0.000000000000 0.049056140000 0.049056140000 0.049056140000 0.049056150000 0.049056150000 0.049056150000
1 0.049644820000 0.049644820000 0.049644820000 0.049056140000 0.000000000000 0.008572580000 0.008572580000 0.010149450000 0.048505590000 0.048505590000
6 0.049644820000 0.049644820000 0.049644820000 0.049056140000 0.008572580000 0.000000000000 0.004244580000 0.010149450000 0.048505590000 0.048505590000
2 0.049644820000 0.049644820000 0.049644820000 0.049056140000 0.008572580000 0.004244580000 0.000000000000 0.010149450000 0.048505590000 0.048505590000
4 0.049644830000 0.049644830000 0.049644830000 0.049056150000 0.010149450000 0.010149450000 0.010149450000 0.000000000000 0.048505600000 0.048505600000
9 0.049644830000 0.049644830000 0.049644830000 0.049056150000 0.048505590000 0.048505590000 0.048505590000 0.048505600000 0.000000000000 0.023164300000
10 0.049644830000 0.049644830000 0.049644830000 0.049056150000 0.048505590000 0.048505590000 0.048505590000 0.048505600000 0.023164300000 0.000000000000
