10
10 0.000000000000 0.022750440000 0.052801450000 0.052801450000 0.052801450000 0.052801450000 0.052801450000 0.052801460000 0.052801460000 0.052801460000
9 0.022750440000 0.000000000000 0.052801450000 0.052801450000 0.052801450000 0.052801450000 0.052801450000 0.052801460000 0.052801460000 0.052801460000
1 0.052801450000 0.052801450000 0.000000000000 0.005114880000 0.005114880000 0.016450140000 0.047942960000 0.048117310000 0.048117310000 0.048117310000
6 0.052801450000 0.052801450000 0.005114880000 0.000000000000 0.003928680000 0.016450140000 0.047942960000 0.048117310000 0.048117310000 0.048117310000
2 0.052801450000 0.052801450000 0.005114880000 0.003928680000 0.000000000000 0.016450140000 0.047942960000 0.048117310000 0.048117310000 0.048117310000
4 0.052801450000 0.052801450000 0.016450140000 0.016450140000 0.016450140000 0.000000000000 0.047942960000 0.048117310000 0.048117310000 0.048117310000
8 0.052801450000 0.052801450000 0.047942960000 0.047942960000 0.047942960000 0.047942960000 0.000000000000 0.048117310000 0.048117310000 0.048117310000
7 0.052801460000 0.052801460000 0.048117310000 0.048117310000 0.048117310000 0.048117310000 0.048117310000 0.000000000000 0.032111160000 0.032111160000
3 0.052801460000 0.052801460000 0.048117310000 0.048117310000 0.048117310000 0.048117310000 0.048117310000 0.032111160000 0.000000000000 0.022570720000
5 0.052801460000 0.052801460000 0.048117310000 0.048117310000 0.048117310000 0.048117310000 0.048117310000 0.032111160000 0.022570720000 0.000000000000
