10
5 0.000000000000 0.002852640000 0.031464920000 0.056520860000 0.056520860000 0.056520860000 0.056520860000 0.056520860000 0.056520860000 0.056520860000
3 0.002852640000 0.000000000000 0.031464920000 0.056520860000 0.056520860000 0.056520860000 0.056520860000 0.056520860000 0.056520860000 0.056520860000
7 0.031464920000 0.031464920000 0.000000000000 0.056520860000 0.056520860000 0.056520860000 0.056520860000 0.056520860000 0.056520860000 0.056520860000
8 0.056520860000 0.056520860000 0.056520860000 0.000000000000 0.047347300000 0.047347300000 0.050928900000 0.050928900000 0.050928900000 0.050928900000
9 0.056520860000 0.056520860000 0.056520860000 0.047347300000 0.000000000000 0.029879620000 0.050928900000 0.050928900000 0.050928900000 0.050928900000
10 0.056520860000 0.056520860000 0.056520860000 0.047347300000 0.029879620000 0.000000000000 0.050928900000 0.050928900000 0.050928900000 0.050928900000
4 0.056520860000 0.056520860000 0.056520860000 0.050928900000 0.050928900000 0.050928900000 0.000000000000 0.008270260000 0.008270260000 0.019165600000
6 0.056520860000 0.056520860000 0.056520860000 0.050928900000 0.050928900000 0.050928900000 0.008270260000 0.000000000000 0.007218460000 0.019165600000
1 0.056520860000 0.056520860000 0.056520860000 0.050928900000 0.050928900000 0.050928900000 0.008270260000 0.007218460000 0.000000000000 0.019165600000
2 0.056520860000 0.056520860000 0.056520860000 0.050928900000 0.050928900000 0.050928900000 0.019165600000 0.019165600000 0.019165600000 0.000000000000
