10
1 0.000000000000 0.005492940000 0.017795930000 0.017795930000 0.050291020000 0.050291020000 0.050291030000 0.051197910000 0.051197910000 0.051197910000
2 0.005492940000 0.000000000000 0.017795930000 0.017795930000 0.050291020000 0.050291020000 0.050291030000 0.051197910000 0.051197910000 0.051197910000
6 0.017795930000 0.017795930000 0.000000000000 0.010835020000 0.050291030000 0.050291030000 0.050291040000 0.051197920000 0.051197920000 0.051197920000
4 0.017795930000 0.017795930000 0.010835020000 0.000000000000 0.050291030000 0.050291030000 0.050291040000 0.051197920000 0.051197920000 0.051197920000
5 0.050291020000 0.050291020000 0.050291030000 0.050291030000 0.000000000000 0.007570400000 0.032786090000 0.051197910000 0.051197910000 0.051197910000
3 0.050291020000 0.050291020000 0.050291030000 0.050291030000 0.007570400000 0.000000000000 0.032786090000 0.051197910000 0.051197910000 0.051197910000
7 0.050291030000 0.050291030000 0.050291040000 0.050291040000 0.032786090000 0.032786090000 0.000000000000 0.051197920000 0.051197920000 0.051197920000
10 0.051197910000 0.051197910000 0.051197920000 0.051197920000 0.051197910000 0.051197910000 0.051197920000 0.000000000000 0.027176440000 0.049110680000
9 0.051197910000 0.051197910000 0.051197920000 0.051197920000 0.051197910000 0.051197910000 0.051197920000 0.027176440000 0.000000000000 0.049110680000
8 0.051197910000 0.051197910000 0.051197920000 0.051197920000 0.051197910000 0.051197910000 0.051197920000 0.049110680000 0.049110680000 0.000000000000
