10
8 0.000000000000 0.049729370000 0.049729370000 0.066585180000 0.066585180000 0.066585180000 0.066585190000 0.066585190000 0.066585190000 0.066585190000
10 0.049729370000 0.000000000000 0.025460400000 0.066585190000 0.066585190000 0.066585190000 0.066585200000 0.066585200000 0.066585200000 0.066585200000
9 0.049729370000 0.025460400000 0.000000000000 0.066585190000 0.066585190000 0.066585190000 0.066585200000 0.066585200000 0.066585200000 0.066585200000
2 0.066585180000 0.066585190000 0.066585190000 0.000000000000 0.005323580000 0.008477280000 0.008970110000 0.049230370000 0.049230370000 0.049230370000
1 0.066585180000 0.066585190000 0.066585190000 0.005323580000 0.000000000000 0.008477280000 0.008970110000 0.049230370000 0.049230370000 0.049230370000
6 0.066585180000 0.066585190000 0.066585190000 0.008477280000 0.008477280000 0.000000000000 0.008970110000 0.049230370000 0.049230370000 0.049230370000
4 0.066585190000 0.066585200000 0.066585200000 0.008970110000 0.008970110000 0.008970110000 0.000000000000 0.049230380000 0.049230380000 0.049230380000
3 0.066585190000 0.066585200000 0.066585200000 0.049230370000 0.049230370000 0.049230370000 0.049230380000 0.000000000000 0.000989460000 0.032582760000
5 0.066585190000 0.066585200000 0.066585200000 0.049230370000 0.049230370000 0.049230370000 0.049230380000 0.000989460000 0.000000000000 0.032582760000
7 0.066585190000 0.066585200000 0.066585200000 0.049230370000 0.049230370000 0.049230370000 0.049230380000 0.032582760000 0.032582760000 0.000000000000
