10
4 0.000000000000 0.008031320000 0.010672640000 0.012234820000 0.048131980000 0.048131980000 0.048131970000 0.059306570000 0.059306570000 0.059306570000
1 0.008031320000 0.000000000000 0.010672640000 0.012234820000 0.048131980000 0.048131980000 0.048131970000 0.059306570000 0.059306570000 0.059306570000
6 0.010672640000 0.010672640000 0.000000000000 0.012234820000 0.048131980000 0.048131980000 0.048131970000 0.059306570000 0.059306570000 0.059306570000
2 0.012234820000 0.012234820000 0.012234820000 0.000000000000 0.048131980000 0.048131980000 0.048131970000 0.059306570000 0.059306570000 0.059306570000
3 0.048131980000 0.048131980000 0.048131980000 0.048131980000 0.000000000000 0.002286840000 0.032513230000 0.059306590000 0.059306590000 0.059306590000
5 0.048131980000 0.048131980000 0.048131980000 0.048131980000 0.002286840000 0.000000000000 0.032513230000 0.059306590000 0.059306590000 0.059306590000
7 0.048131970000 0.048131970000 0.048131970000 0.048131970000 0.032513230000 0.032513230000 0.000000000000 0.059306580000 0.059306580000 0.059306580000
8 0.059306570000 0.059306570000 0.059306570000 0.059306570000 0.059306590000 0.059306590000 0.059306580000 0.000000000000 0.045695880000 0.045695880000
10 0.059306570000 0.059306570000 0.059306570000 0.059306570000 0.059306590000 0.059306590000 0.059306580000 0.045695880000 0.000000000000 0.021645760000
9 0.059306570000 0.059306570000 0.059306570000 0.059306570000 0.059306590000 0.059306590000 0.059306580000 0.045695880000 0.021645760000 0.000000000000
