10
9 0.000000000000 0.021289840000 0.045266600000 0.049438010000 0.049438010000 0.049438010000 0.051542220000 0.051542220000 0.051542220000 0.051542220000
10 0.021289840000 0.000000000000 0.045266600000 0.049438010000 0.049438010000 0.049438010000 0.051542220000 0.051542220000 0.051542220000 0.051542220000
8 0.045266600000 0.045266600000 0.000000000000 0.049438010000 0.049438010000 0.049438010000 0.051542220000 0.051542220000 0.051542220000 0.051542220000
3 0.049438010000 0.049438010000 0.049438010000 0.000000000000 0.015559260000 0.031843300000 0.051542230000 0.051542230000 0.051542230000 0.051542230000
5 0.049438010000 0.049438010000 0.049438010000 0.015559260000 0.000000000000 0.031843300000 0.051542230000 0.051542230000 0.051542230000 0.051542230000
7 0.049438010000 0.049438010000 0.049438010000 0.031843300000 0.031843300000 0.000000000000 0.051542230000 0.051542230000 0.051542230000 0.051542230000
4 0.051542220000 0.051542220000 0.051542220000 0.051542230000 0.051542230000 0.051542230000 0.000000000000 0.008800320000 0.017925480000 0.017925480000
1 0.051542220000 0.051542220000 0.051542220000 0.051542230000 0.051542230000 0.051542230000 0.008800320000 0.000000000000 0.017925480000 0.017925480000
2 0.051542220000 0.051542220000 0.051542220000 0.051542230000 0.051542230000 0.051542230000 0.017925480000 0.017925480000 0.000000000000 0.003841720000
6 0.051542220000 0.051542220000 0.051542220000 0.051542230000 0.051542230000 0.051542230000 0.017925480000 0.017925480000 0.003841720000 0.000000000000
