10
5 0.000000000000 0.001843720000 0.035770900000 0.048519130000 0.048519120000 0.048519120000 0.048519120000 0.052442750000 0.052442750000 0.052442750000
3 0.001843720000 0.000000000000 0.035770900000 0.048519130000 0.048519120000 0.048519120000 0.048519120000 0.052442750000 0.052442750000 0.052442750000
7 0.035770900000 0.035770900000 0.000000000000 0.048519130000 0.048519120000 0.048519120000 0.048519120000 0.052442750000 0.052442750000 0.052442750000
4 0.048519130000 0.048519130000 0.048519130000 0.000000000000 0.013717310000 0.013717310000 0.013717310000 0.052442760000 0.052442760000 0.052442760000
6 0.048519120000 0.048519120000 0.048519120000 0.013717310000 0.000000000000 0.007914200000 0.008626620000 0.052442750000 0.052442750000 0.052442750000
1 0.048519120000 0.048519120000 0.048519120000 0.013717310000 0.007914200000 0.000000000000 0.008626620000 0.052442750000 0.052442750000 0.052442750000
2 0.048519120000 0.048519120000 0.048519120000 0.013717310000 0.008626620000 0.008626620000 0.000000000000 0.052442750000 0.052442750000 0.052442750000
8 0.052442750000 0.052442750000 0.052442750000 0.052442760000 0.052442750000 0.052442750000 0.052442750000 0.000000000000 0.046262640000 0.046262640000
10 0.052442750000 0.052442750000 0.052442750000 0.052442760000 0.052442750000 0.052442750000 0.052442750000 0.046262640000 0.000000000000 0.024166200000
9 0.052442750000 0.052442750000 0.052442750000 0.052442760000 0.052442750000 0.052442750000 0.052442750000 0.046262640000 0.024166200000 0.000000000000
