10
7 0.000000000000 0.032295220000 0.032295220000 0.055042730000 0.055042730000 0.055042730000 0.055042730000 0.055042740000 0.055042740000 0.055042740000
3 0.032295220000 0.000000000000 0.004532040000 0.055042730000 0.055042730000 0.055042730000 0.055042730000 0.055042740000 0.055042740000 0.055042740000
5 0.032295220000 0.004532040000 0.000000000000 0.055042730000 0.055042730000 0.055042730000 0.055042730000 0.055042740000 0.055042740000 0.055042740000
6 0.055042730000 0.055042730000 0.055042730000 0.000000000000 0.002325180000 0.010426380000 0.010426380000 0.048266410000 0.048266410000 0.048266410000
2 0.055042730000 0.055042730000 0.055042730000 0.002325180000 0.000000000000 0.010426380000 0.010426380000 0.048266410000 0.048266410000 0.048266410000
4 0.055042730000 0.055042730000 0.055042730000 0.010426380000 0.010426380000 0.000000000000 0.008385020000 0.048266410000 0.048266410000 0.048266410000
1 0.055042730000 0.055042730000 0.055042730000 0.010426380000 0.010426380000 0.008385020000 0.000000000000 0.048266410000 0.048266410000 0.048266410000
9 0.055042740000 0.055042740000 0.055042740000 0.048266410000 0.048266410000 0.048266410000 0.048266410000 0.000000000000 0.026096120000 0.046141700000
10 0.055042740000 0.055042740000 0.055042740000 0.048266410000 0.048266410000 0.048266410000 0.048266410000 0.026096120000 0.000000000000 0.046141700000
8 0.055042740000 0.055042740000 0.055042740000 0.048266410000 0.048266410000 0.048266410000 0.048266410000 0.046141700000 0.046141700000 0.000000000000
