10
8 0.000000000000 0.047564100000 0.047564100000 0.047564100000 0.047564100000 0.053029700000 0.053029700000 0.053029700000 0.053029700000 0.053029690000
1 0.047564100000 0.000000000000 0.004684360000 0.008444240000 0.008735440000 0.053029700000 0.053029700000 0.053029700000 0.053029700000 0.053029690000
2 0.047564100000 0.004684360000 0.000000000000 0.008444240000 0.008735440000 0.053029700000 0.053029700000 0.053029700000 0.053029700000 0.053029690000
6 0.047564100000 0.008444240000 0.008444240000 0.000000000000 0.008735440000 0.053029700000 0.053029700000 0.053029700000 0.053029700000 0.053029690000
4 0.047564100000 0.008735440000 0.008735440000 0.008735440000 0.000000000000 0.053029700000 0.053029700000 0.053029700000 0.053029700000 0.053029690000
9 0.053029700000 0.053029700000 0.053029700000 0.053029700000 0.053029700000 0.000000000000 0.021894220000 0.048343800000 0.048343800000 0.048343790000
10 0.053029700000 0.053029700000 0.053029700000 0.053029700000 0.053029700000 0.021894220000 0.000000000000 0.048343800000 0.048343800000 0.048343790000
5 0.053029700000 0.053029700000 0.053029700000 0.053029700000 0.053029700000 0.048343800000 0.048343800000 0.000000000000 0.003902500000 0.031644530000
3 0.053029700000 0.053029700000 0.053029700000 0.053029700000 0.053029700000 0.048343800000 0.048343800000 0.003902500000 0.000000000000 0.031644530000
7 0.053029690000 0.053029690000 0.053029690000 0.053029690000 0.053029690000 0.048343790000 0.048343790000 0.031644530000 0.031644530000 0.000000000000
