10
8 0.000000000000 0.047987940000 0.047987930000 0.047987930000 0.048798250000 0.048798250000 0.049746450000 0.049746460000 0.049746450000 0.049746450000
7 0.047987940000 0.000000000000 0.034328190000 0.034328190000 0.048798250000 0.048798250000 0.049746450000 0.049746460000 0.049746450000 0.049746450000
5 0.047987930000 0.034328190000 0.000000000000 0.006646440000 0.048798240000 0.048798240000 0.049746440000 0.049746450000 0.049746440000 0.049746440000
3 0.047987930000 0.034328190000 0.006646440000 0.000000000000 0.048798240000 0.048798240000 0.049746440000 0.049746450000 0.049746440000 0.049746440000
9 0.048798250000 0.048798250000 0.048798240000 0.048798240000 0.000000000000 0.030165040000 0.049746440000 0.049746450000 0.049746440000 0.049746440000
10 0.048798250000 0.048798250000 0.048798240000 0.048798240000 0.030165040000 0.000000000000 0.049746440000 0.049746450000 0.049746440000 0.049746440000
4 0.049746450000 0.049746450000 0.049746440000 0.049746440000 0.049746440000 0.049746440000 0.000000000000 0.012975310000 0.012975300000 0.012975300000
1 0.049746460000 0.049746460000 0.049746450000 0.049746450000 0.049746450000 0.049746450000 0.012975310000 0.000000000000 0.004730630000 0.004730630000
6 0.049746450000 0.049746450000 0.049746440000 0.049746440000 0.049746440000 0.049746440000 0.012975300000 0.004730630000 0.000000000000 0.003320200000
2 0.049746450000 0.049746450000 0.049746440000 0.049746440000 0.049746440000 0.049746440000 0.012975300000 0.004730630000 0.003320200000 0.000000000000
