10
6 0.000000000000 0.007471520000 0.007471520000 0.022417490000 0.048254140000 0.048254140000 0.048254140000 0.049664950000 0.049664950000 0.049664940000
1 0.007471520000 0.000000000000 0.005801240000 0.022417490000 0.048254140000 0.048254140000 0.048254140000 0.049664950000 0.049664950000 0.049664940000
2 0.007471520000 0.005801240000 0.000000000000 0.022417490000 0.048254140000 0.048254140000 0.048254140000 0.049664950000 0.049664950000 0.049664940000
4 0.022417490000 0.022417490000 0.022417490000 0.000000000000 0.048254130000 0.048254130000 0.048254130000 0.049664940000 0.049664940000 0.049664930000
7 0.048254140000 0.048254140000 0.048254140000 0.048254130000 0.000000000000 0.040616580000 0.040616580000 0.049664950000 0.049664950000 0.049664940000
3 0.048254140000 0.048254140000 0.048254140000 0.048254130000 0.040616580000 0.000000000000 0.002339020000 0.049664950000 0.049664950000 0.049664940000
5 0.048254140000 0.048254140000 0.048254140000 0.048254130000 0.040616580000 0.002339020000 0.000000000000 0.049664950000 0.049664950000 0.049664940000
10 0.049664950000 0.049664950000 0.049664950000 0.049664940000 0.049664950000 0.049664950000 0.049664950000 0.000000000000 0.021430640000 0.047175550000
9 0.049664950000 0.049664950000 0.049664950000 0.049664940000 0.049664950000 0.049664950000 0.049664950000 0.021430640000 0.000000000000 0.047175550000
8 0.049664940000 0.049664940000 0.049664940000 0.049664930000 0.049664940000 0.049664940000 0.049664940000 0.047175550000 0.047175550000 0.000000000000
