10
8 0.000000000000 0.047864990000 0.047864990000 0.047864990000 0.047864990000 0.047864980000 0.047864980000 0.054344960000 0.054344960000 0.054344960000
1 0.047864990000 0.000000000000 0.006751600000 0.011756000000 0.018210480000 0.047656050000 0.047656050000 0.054344970000 0.054344970000 0.054344970000
6 0.047864990000 0.006751600000 0.000000000000 0.011756000000 0.018210480000 0.047656050000 0.047656050000 0.054344970000 0.054344970000 0.054344970000
2 0.047864990000 0.011756000000 0.011756000000 0.000000000000 0.018210480000 0.047656050000 0.047656050000 0.054344970000 0.054344970000 0.054344970000
4 0.047864990000 0.018210480000 0.018210480000 0.018210480000 0.000000000000 0.047656050000 0.047656050000 0.054344970000 0.054344970000 0.054344970000
10 0.047864980000 0.047656050000 0.047656050000 0.047656050000 0.047656050000 0.000000000000 0.021119480000 0.054344960000 0.054344960000 0.054344960000
9 0.047864980000 0.047656050000 0.047656050000 0.047656050000 0.047656050000 0.021119480000 0.000000000000 0.054344960000 0.054344960000 0.054344960000
5 0.054344960000 0.054344970000 0.054344970000 0.054344970000 0.054344970000 0.054344960000 0.054344960000 0.000000000000 0.004624900000 0.035398720000
3 0.054344960000 0.054344970000 0.054344970000 0.054344970000 0.054344970000 0.054344960000 0.054344960000 0.004624900000 0.000000000000 0.035398720000
7 0.054344960000 0.054344970000 0.054344970000 0.054344970000 0.054344970000 0.054344960000 0.054344960000 0.035398720000 0.035398720000 0.000000000000
