10
7 0.000000000000 0.038984170000 0.038984170000 0.049126120000 0.049126120000 0.049126120000 0.052658570000 0.052658560000 0.052658560000 0.052658560000
3 0.038984170000 0.000000000000 0.001256580000 0.049126110000 0.049126110000 0.049126110000 0.052658560000 0.052658550000 0.052658550000 0.052658550000
5 0.038984170000 0.001256580000 0.000000000000 0.049126110000 0.049126110000 0.049126110000 0.052658560000 0.052658550000 0.052658550000 0.052658550000
8 0.049126120000 0.049126110000 0.049126110000 0.000000000000 0.046516240000 0.046516240000 0.052658570000 0.052658560000 0.052658560000 0.052658560000
9 0.049126120000 0.049126110000 0.049126110000 0.046516240000 0.000000000000 0.024860620000 0.052658570000 0.052658560000 0.052658560000 0.052658560000
10 0.049126120000 0.049126110000 0.049126110000 0.046516240000 0.024860620000 0.000000000000 0.052658570000 0.052658560000 0.052658560000 0.052658560000
4 0.052658570000 0.052658560000 0.052658560000 0.052658570000 0.052658570000 0.052658570000 0.000000000000 0.009727530000 0.009727530000 0.009727530000
6 0.052658560000 0.052658550000 0.052658550000 0.052658560000 0.052658560000 0.052658560000 0.009727530000 0.000000000000 0.007817100000 0.007817100000
2 0.052658560000 0.052658550000 0.052658550000 0.052658560000 0.052658560000 0.052658560000 0.009727530000 0.007817100000 0.000000000000 0.004949720000
1 0.052658560000 0.052658550000 0.052658550000 0.052658560000 0.052658560000 0.052658560000 0.009727530000 0.007817100000 0.004949720000 0.000000000000
