10
3 0.000000000000 0.004365640000 0.037278130000 0.051052120000 0.051052120000 0.051052120000 0.051052110000 0.051052120000 0.051052120000 0.053006290000
5 0.004365640000 0.000000000000 0.037278130000 0.051052120000 0.051052120000 0.051052120000 0.051052110000 0.051052120000 0.051052120000 0.053006290000
7 0.037278130000 0.037278130000 0.000000000000 0.051052110000 0.051052110000 0.051052110000 0.051052100000 0.051052110000 0.051052110000 0.053006280000
6 0.051052120000 0.051052120000 0.051052110000 0.000000000000 0.015409840000 0.015409840000 0.015409830000 0.048062280000 0.048062280000 0.053006290000
4 0.051052120000 0.051052120000 0.051052110000 0.015409840000 0.000000000000 0.008859360000 0.009595090000 0.048062280000 0.048062280000 0.053006290000
2 0.051052120000 0.051052120000 0.051052110000 0.015409840000 0.008859360000 0.000000000000 0.009595090000 0.048062280000 0.048062280000 0.053006290000
1 0.051052110000 0.051052110000 0.051052100000 0.015409830000 0.009595090000 0.009595090000 0.000000000000 0.048062270000 0.048062270000 0.053006280000
10 0.051052120000 0.051052120000 0.051052110000 0.048062280000 0.048062280000 0.048062280000 0.048062270000 0.000000000000 0.021390160000 0.053006290000
9 0.051052120000 0.051052120000 0.051052110000 0.048062280000 0.048062280000 0.048062280000 0.048062270000 0.021390160000 0.000000000000 0.053006290000
8 0.053006290000 0.053006290000 0.053006280000 0.053006290000 0.053006290000 0.053006290000 0.053006280000 0.053006290000 0.053006290000 0.000000000000
