10
7 0.000000000000 0.039687240000 0.039687240000 0.049567440000 0.049567440000 0.049567440000 0.049567440000 0.049567430000 0.049567430000 0.051503080000
3 0.039687240000 0.000000000000 0.004647420000 0.049567440000 0.049567440000 0.049567440000 0.049567440000 0.049567430000 0.049567430000 0.051503080000
5 0.039687240000 0.004647420000 0.000000000000 0.049567440000 0.049567440000 0.049567440000 0.049567440000 0.049567430000 0.049567430000 0.051503080000
2 0.049567440000 0.049567440000 0.049567440000 0.000000000000 0.004761640000 0.008669940000 0.011742000000 0.047624030000 0.047624030000 0.051503080000
6 0.049567440000 0.049567440000 0.049567440000 0.004761640000 0.000000000000 0.008669940000 0.011742000000 0.047624030000 0.047624030000 0.051503080000
4 0.049567440000 0.049567440000 0.049567440000 0.008669940000 0.008669940000 0.000000000000 0.011742000000 0.047624030000 0.047624030000 0.051503080000
1 0.049567440000 0.049567440000 0.049567440000 0.011742000000 0.011742000000 0.011742000000 0.000000000000 0.047624030000 0.047624030000 0.051503080000
10 0.049567430000 0.049567430000 0.049567430000 0.047624030000 0.047624030000 0.047624030000 0.047624030000 0.000000000000 0.025373900000 0.051503070000
9 0.049567430000 0.049567430000 0.049567430000 0.047624030000 0.047624030000 0.047624030000 0.047624030000 0.025373900000 0.000000000000 0.051503070000
8 0.051503080000 0.051503080000 0.051503080000 0.051503080000 0.051503080000 0.051503080000 0.051503080000 0.051503070000 0.051503070000 0.000000000000
