10
3 0.000000000000 0.006695440000 0.052032900000 0.052032900000 0.052032900000 0.052032910000 0.053878560000 0.053878570000 0.053878570000 0.053878560000
5 0.006695440000 0.000000000000 0.052032900000 0.052032900000 0.052032900000 0.052032910000 0.053878560000 0.053878570000 0.053878570000 0.053878560000
7 0.052032900000 0.052032900000 0.000000000000 0.047577100000 0.047577100000 0.051331710000 0.053878560000 0.053878570000 0.053878570000 0.053878560000
10 0.052032900000 0.052032900000 0.047577100000 0.000000000000 0.022135880000 0.051331710000 0.053878560000 0.053878570000 0.053878570000 0.053878560000
9 0.052032900000 0.052032900000 0.047577100000 0.022135880000 0.000000000000 0.051331710000 0.053878560000 0.053878570000 0.053878570000 0.053878560000
8 0.052032910000 0.052032910000 0.051331710000 0.051331710000 0.051331710000 0.000000000000 0.053878570000 0.053878580000 0.053878580000 0.053878570000
4 0.053878560000 0.053878560000 0.053878560000 0.053878560000 0.053878560000 0.053878570000 0.000000000000 0.009696390000 0.009696390000 0.009696380000
2 0.053878570000 0.053878570000 0.053878570000 0.053878570000 0.053878570000 0.053878580000 0.009696390000 0.000000000000 0.002315880000 0.005989830000
6 0.053878570000 0.053878570000 0.053878570000 0.053878570000 0.053878570000 0.053878580000 0.009696390000 0.002315880000 0.000000000000 0.005989830000
1 0.053878560000 0.053878560000 0.053878560000 0.053878560000 0.053878560000 0.053878570000 0.009696380000 0.005989830000 0.005989830000 0.000000000000
