10
10 0.000000000000 0.023560320000 0.047678900000 0.047678900000 0.047678900000 0.047678900000 0.048503270000 0.048503270000 0.048503270000 0.048503270000
9 0.023560320000 0.000000000000 0.047678900000 0.047678900000 0.047678900000 0.047678900000 0.048503270000 0.048503270000 0.048503270000 0.048503270000
1 0.047678900000 0.047678900000 0.000000000000 0.005500040000 0.007413140000 0.010398440000 0.048503270000 0.048503270000 0.048503270000 0.048503270000
2 0.047678900000 0.047678900000 0.005500040000 0.000000000000 0.007413140000 0.010398440000 0.048503270000 0.048503270000 0.048503270000 0.048503270000
4 0.047678900000 0.047678900000 0.007413140000 0.007413140000 0.000000000000 0.010398440000 0.048503270000 0.048503270000 0.048503270000 0.048503270000
6 0.047678900000 0.047678900000 0.010398440000 0.010398440000 0.010398440000 0.000000000000 0.048503270000 0.048503270000 0.048503270000 0.048503270000
7 0.048503270000 0.048503270000 0.048503270000 0.048503270000 0.048503270000 0.048503270000 0.000000000000 0.032972900000 0.032972900000 0.048124360000
5 0.048503270000 0.048503270000 0.048503270000 0.048503270000 0.048503270000 0.048503270000 0.032972900000 0.000000000000 0.013745060000 0.048124360000
3 0.048503270000 0.048503270000 0.048503270000 0.048503270000 0.048503270000 0.048503270000 0.032972900000 0.013745060000 0.000000000000 0.048124360000
8 0.048503270000 0.048503270000 0.048503270000 0.048503270000 0.048503270000 0.048503270000 0.048124360000 0.048124360000 0.048124360000 0.000000000000
