10
9 0.000000000000 0.025037300000 0.048292040000 0.048292040000 0.048292040000 0.048292030000 0.048292030000 0.051727270000 0.051727270000 0.051727260000
10 0.025037300000 0.000000000000 0.048292040000 0.048292040000 0.048292040000 0.048292030000 0.048292030000 0.051727270000 0.051727270000 0.051727260000
8 0.048292040000 0.048292040000 0.000000000000 0.047566300000 0.047566300000 0.047566290000 0.047566290000 0.051727270000 0.051727270000 0.051727260000
2 0.048292040000 0.048292040000 0.047566300000 0.000000000000 0.008989540000 0.011238350000 0.011238350000 0.051727270000 0.051727270000 0.051727260000
4 0.048292040000 0.048292040000 0.047566300000 0.008989540000 0.000000000000 0.011238350000 0.011238350000 0.051727270000 0.051727270000 0.051727260000
6 0.048292030000 0.048292030000 0.047566290000 0.011238350000 0.011238350000 0.000000000000 0.007068040000 0.051727260000 0.051727260000 0.051727250000
1 0.048292030000 0.048292030000 0.047566290000 0.011238350000 0.011238350000 0.007068040000 0.000000000000 0.051727260000 0.051727260000 0.051727250000
3 0.051727270000 0.051727270000 0.051727270000 0.051727270000 0.051727270000 0.051727260000 0.051727260000 0.000000000000 0.011614260000 0.043866130000
5 0.051727270000 0.051727270000 0.051727270000 0.051727270000 0.051727270000 0.051727260000 0.051727260000 0.011614260000 0.000000000000 0.043866130000
7 0.051727260000 0.051727260000 0.051727260000 0.051727260000 0.051727260000 0.051727250000 0.051727250000 0.043866130000 0.043866130000 0.000000000000
