10
7 0.000000000000 0.033330140000 0.033330140000 0.050143660000 0.050143660000 0.050143670000 0.050143670000 0.054378500000 0.054378500000 0.054378500000
5 0.033330140000 0.000000000000 0.001782460000 0.050143660000 0.050143660000 0.050143670000 0.050143670000 0.054378500000 0.054378500000 0.054378500000
3 0.033330140000 0.001782460000 0.000000000000 0.050143660000 0.050143660000 0.050143670000 0.050143670000 0.054378500000 0.054378500000 0.054378500000
4 0.050143660000 0.050143660000 0.050143660000 0.000000000000 0.015682600000 0.015682610000 0.015682610000 0.054378500000 0.054378500000 0.054378500000
1 0.050143660000 0.050143660000 0.050143660000 0.015682600000 0.000000000000 0.006182950000 0.006182950000 0.054378500000 0.054378500000 0.054378500000
2 0.050143670000 0.050143670000 0.050143670000 0.015682610000 0.006182950000 0.000000000000 0.004380020000 0.054378510000 0.054378510000 0.054378510000
6 0.050143670000 0.050143670000 0.050143670000 0.015682610000 0.006182950000 0.004380020000 0.000000000000 0.054378510000 0.054378510000 0.054378510000
9 0.054378500000 0.054378500000 0.054378500000 0.054378500000 0.054378500000 0.054378510000 0.054378510000 0.000000000000 0.026446800000 0.046672040000
10 0.054378500000 0.054378500000 0.054378500000 0.054378500000 0.054378500000 0.054378510000 0.054378510000 0.026446800000 0.000000000000 0.046672040000
8 0.054378500000 0.054378500000 0.054378500000 0.054378500000 0.054378500000 0.054378510000 0.054378510000 0.046672040000 0.046672040000 0.000000000000
