10
8 0.000000000000 0.049416340000 0.049416340000 0.049416340000 0.049416340000 0.049416340000 0.049416340000 0.053149710000 0.053149710000 0.053149720000
6 0.049416340000 0.000000000000 0.008827240000 0.008827240000 0.008827240000 0.048727800000 0.048727800000 0.053149710000 0.053149710000 0.053149720000
4 0.049416340000 0.008827240000 0.000000000000 0.008483600000 0.008483600000 0.048727800000 0.048727800000 0.053149710000 0.053149710000 0.053149720000
1 0.049416340000 0.008827240000 0.008483600000 0.000000000000 0.005646320000 0.048727800000 0.048727800000 0.053149710000 0.053149710000 0.053149720000
2 0.049416340000 0.008827240000 0.008483600000 0.005646320000 0.000000000000 0.048727800000 0.048727800000 0.053149710000 0.053149710000 0.053149720000
10 0.049416340000 0.048727800000 0.048727800000 0.048727800000 0.048727800000 0.000000000000 0.027314860000 0.053149710000 0.053149710000 0.053149720000
9 0.049416340000 0.048727800000 0.048727800000 0.048727800000 0.048727800000 0.027314860000 0.000000000000 0.053149710000 0.053149710000 0.053149720000
5 0.053149710000 0.053149710000 0.053149710000 0.053149710000 0.053149710000 0.053149710000 0.053149710000 0.000000000000 0.003021280000 0.048729530000
3 0.053149710000 0.053149710000 0.053149710000 0.053149710000 0.053149710000 0.053149710000 0.053149710000 0.003021280000 0.000000000000 0.048729530000
7 0.053149720000 0.053149720000 0.053149720000 0.053149720000 0.053149720000 0.053149720000 0.053149720000 0.048729530000 0.048729530000 0.000000000000
