10
8 0.000000000000 0.048303700000 0.048303700000 0.048303700000 0.048303700000 0.048303710000 0.048303710000 0.054234320000 0.054234320000 0.054234320000
6 0.048303700000 0.000000000000 0.004416480000 0.007704340000 0.007704340000 0.047749350000 0.047749350000 0.054234320000 0.054234320000 0.054234320000
2 0.048303700000 0.004416480000 0.000000000000 0.007704340000 0.007704340000 0.047749350000 0.047749350000 0.054234320000 0.054234320000 0.054234320000
4 0.048303700000 0.007704340000 0.007704340000 0.000000000000 0.007543820000 0.047749350000 0.047749350000 0.054234320000 0.054234320000 0.054234320000
1 0.048303700000 0.007704340000 0.007704340000 0.007543820000 0.000000000000 0.047749350000 0.047749350000 0.054234320000 0.054234320000 0.054234320000
9 0.048303710000 0.047749350000 0.047749350000 0.047749350000 0.047749350000 0.000000000000 0.029592400000 0.054234330000 0.054234330000 0.054234330000
10 0.048303710000 0.047749350000 0.047749350000 0.047749350000 0.047749350000 0.029592400000 0.000000000000 0.054234330000 0.054234330000 0.054234330000
7 0.054234320000 0.054234320000 0.054234320000 0.054234320000 0.054234320000 0.054234330000 0.054234330000 0.000000000000 0.035472500000 0.035472500000
5 0.054234320000 0.054234320000 0.054234320000 0.054234320000 0.054234320000 0.054234330000 0.054234330000 0.035472500000 0.000000000000 0.007570700000
3 0.054234320000 0.054234320000 0.054234320000 0.054234320000 0.054234320000 0.054234330000 0.054234330000 0.035472500000 0.007570700000 0.000000000000
