10
3 0.000000000000 0.001858980000 0.032698080000 0.069265560000 0.069265560000 0.069265550000 0.069265560000 0.069265560000 0.069265560000 0.069265560000
5 0.001858980000 0.000000000000 0.032698080000 0.069265560000 0.069265560000 0.069265550000 0.069265560000 0.069265560000 0.069265560000 0.069265560000
7 0.032698080000 0.032698080000 0.000000000000 0.069265560000 0.069265560000 0.069265550000 0.069265560000 0.069265560000 0.069265560000 0.069265560000
9 0.069265560000 0.069265560000 0.069265560000 0.000000000000 0.025039660000 0.050555890000 0.050555900000 0.050555900000 0.050555900000 0.050555900000
10 0.069265560000 0.069265560000 0.069265560000 0.025039660000 0.000000000000 0.050555890000 0.050555900000 0.050555900000 0.050555900000 0.050555900000
8 0.069265550000 0.069265550000 0.069265550000 0.050555890000 0.050555890000 0.000000000000 0.048123990000 0.048123990000 0.048123990000 0.048123990000
2 0.069265560000 0.069265560000 0.069265560000 0.050555900000 0.050555900000 0.048123990000 0.000000000000 0.005209640000 0.005645320000 0.014011240000
1 0.069265560000 0.069265560000 0.069265560000 0.050555900000 0.050555900000 0.048123990000 0.005209640000 0.000000000000 0.005645320000 0.014011240000
6 0.069265560000 0.069265560000 0.069265560000 0.050555900000 0.050555900000 0.048123990000 0.005645320000 0.005645320000 0.000000000000 0.014011240000
4 0.069265560000 0.069265560000 0.069265560000 0.050555900000 0.050555900000 0.048123990000 0.014011240000 0.014011240000 0.014011240000 0.000000000000
