10
8 0.000000000000 0.047625780000 0.047625780000 0.050958240000 0.050958240000 0.050958240000 0.050958240000 0.050958240000 0.050958240000 0.050958240000
10 0.047625780000 0.000000000000 0.029560260000 0.050958240000 0.050958240000 0.050958240000 0.050958240000 0.050958240000 0.050958240000 0.050958240000
9 0.047625780000 0.029560260000 0.000000000000 0.050958240000 0.050958240000 0.050958240000 0.050958240000 0.050958240000 0.050958240000 0.050958240000
3 0.050958240000 0.050958240000 0.050958240000 0.000000000000 0.001613780000 0.035041920000 0.050733680000 0.050733680000 0.050733680000 0.050733680000
5 0.050958240000 0.050958240000 0.050958240000 0.001613780000 0.000000000000 0.035041920000 0.050733680000 0.050733680000 0.050733680000 0.050733680000
7 0.050958240000 0.050958240000 0.050958240000 0.035041920000 0.035041920000 0.000000000000 0.050733680000 0.050733680000 0.050733680000 0.050733680000
2 0.050958240000 0.050958240000 0.050958240000 0.050733680000 0.050733680000 0.050733680000 0.000000000000 0.002963140000 0.013809480000 0.013941980000
6 0.050958240000 0.050958240000 0.050958240000 0.050733680000 0.050733680000 0.050733680000 0.002963140000 0.000000000000 0.013809480000 0.013941980000
4 0.050958240000 0.050958240000 0.050958240000 0.050733680000 0.050733680000 0.050733680000 0.013809480000 0.013809480000 0.000000000000 0.013941980000
1 0.050958240000 0.050958240000 0.050958240000 0.050733680000 0.050733680000 0.050733680000 0.013941980000 0.013941980000 0.013941980000 0.000000000000
