10
5 0.000000000000 0.010847400000 0.038432960000 0.049006820000 0.049006820000 0.049006820000 0.049006820000 0.049006820000 0.049006820000 0.049006820000
3 0.010847400000 0.000000000000 0.038432960000 0.049006820000 0.049006820000 0.049006820000 0.049006820000 0.049006820000 0.049006820000 0.049006820000
7 0.038432960000 0.038432960000 0.000000000000 0.049006820000 0.049006820000 0.049006820000 0.049006820000 0.049006820000 0.049006820000 0.049006820000
1 0.049006820000 0.049006820000 0.049006820000 0.000000000000 0.008480220000 0.009802300000 0.009802300000 0.047910040000 0.047910040000 0.047910040000
4 0.049006820000 0.049006820000 0.049006820000 0.008480220000 0.000000000000 0.009802300000 0.009802300000 0.047910040000 0.047910040000 0.047910040000
2 0.049006820000 0.049006820000 0.049006820000 0.009802300000 0.009802300000 0.000000000000 0.003605500000 0.047910040000 0.047910040000 0.047910040000
6 0.049006820000 0.049006820000 0.049006820000 0.009802300000 0.009802300000 0.003605500000 0.000000000000 0.047910040000 0.047910040000 0.047910040000
9 0.049006820000 0.049006820000 0.049006820000 0.047910040000 0.047910040000 0.047910040000 0.047910040000 0.000000000000 0.023354980000 0.046774720000
10 0.049006820000 0.049006820000 0.049006820000 0.047910040000 0.047910040000 0.047910040000 0.047910040000 0.023354980000 0.000000000000 0.046774720000
8 0.049006820000 0.049006820000 0.049006820000 0.047910040000 0.047910040000 0.047910040000 0.047910040000 0.046774720000 0.046774720000 0.000000000000
