10
9 0.000000000000 0.027979440000 0.063003070000 0.063003070000 0.063003060000 0.063003060000 0.063003060000 0.063003060000 0.063003060000 0.063003060000
10 0.027979440000 0.000000000000 0.063003070000 0.063003070000 0.063003060000 0.063003060000 0.063003060000 0.063003060000 0.063003060000 0.063003060000
6 0.063003070000 0.063003070000 0.000000000000 0.008880420000 0.016322890000 0.016322890000 0.047780950000 0.047780950000 0.047780950000 0.050252790000
4 0.063003070000 0.063003070000 0.008880420000 0.000000000000 0.016322890000 0.016322890000 0.047780950000 0.047780950000 0.047780950000 0.050252790000
1 0.063003060000 0.063003060000 0.016322890000 0.016322890000 0.000000000000 0.005541520000 0.047780940000 0.047780940000 0.047780940000 0.050252780000
2 0.063003060000 0.063003060000 0.016322890000 0.016322890000 0.005541520000 0.000000000000 0.047780940000 0.047780940000 0.047780940000 0.050252780000
3 0.063003060000 0.063003060000 0.047780950000 0.047780950000 0.047780940000 0.047780940000 0.000000000000 0.011969800000 0.031366460000 0.050252780000
5 0.063003060000 0.063003060000 0.047780950000 0.047780950000 0.047780940000 0.047780940000 0.011969800000 0.000000000000 0.031366460000 0.050252780000
7 0.063003060000 0.063003060000 0.047780950000 0.047780950000 0.047780940000 0.047780940000 0.031366460000 0.031366460000 0.000000000000 0.050252780000
8 0.063003060000 0.063003060000 0.050252790000 0.050252790000 0.050252780000 0.050252780000 0.050252780000 0.050252780000 0.050252780000 0.000000000000
