10
8 0.000000000000 0.051585020000 0.051585020000 0.051585020000 0.051585020000 0.061402090000 0.061402090000 0.061402080000 0.061402080000 0.061402080000
1 0.051585020000 0.000000000000 0.011295680000 0.011295680000 0.011295680000 0.061402090000 0.061402090000 0.061402080000 0.061402080000 0.061402080000
2 0.051585020000 0.011295680000 0.000000000000 0.002940240000 0.007395740000 0.061402090000 0.061402090000 0.061402080000 0.061402080000 0.061402080000
6 0.051585020000 0.011295680000 0.002940240000 0.000000000000 0.007395740000 0.061402090000 0.061402090000 0.061402080000 0.061402080000 0.061402080000
4 0.051585020000 0.011295680000 0.007395740000 0.007395740000 0.000000000000 0.061402090000 0.061402090000 0.061402080000 0.061402080000 0.061402080000
3 0.061402090000 0.061402090000 0.061402090000 0.061402090000 0.061402090000 0.000000000000 0.005350560000 0.032921130000 0.047889770000 0.047889770000
5 0.061402090000 0.061402090000 0.061402090000 0.061402090000 0.061402090000 0.005350560000 0.000000000000 0.032921130000 0.047889770000 0.047889770000
7 0.061402080000 0.061402080000 0.061402080000 0.061402080000 0.061402080000 0.032921130000 0.032921130000 0.000000000000 0.047889760000 0.047889760000
9 0.061402080000 0.061402080000 0.061402080000 0.061402080000 0.061402080000 0.047889770000 0.047889770000 0.047889760000 0.000000000000 0.022239920000
10 0.061402080000 0.061402080000 0.061402080000 0.061402080000 0.061402080000 0.047889770000 0.047889770000 0.047889760000 0.022239920000 0.000000000000
