10
2 0.000000000000 0.009255220000 0.009255220000 0.009667710000 0.054785090000 0.054785090000 0.054785090000 0.054785090000 0.054785090000 0.054785090000
6 0.009255220000 0.000000000000 0.006161280000 0.009667710000 0.054785090000 0.054785090000 0.054785090000 0.054785090000 0.054785090000 0.054785090000
1 0.009255220000 0.006161280000 0.000000000000 0.009667710000 0.054785090000 0.054785090000 0.054785090000 0.054785090000 0.054785090000 0.054785090000
4 0.009667710000 0.009667710000 0.009667710000 0.000000000000 0.054785080000 0.054785080000 0.054785080000 0.054785080000 0.054785080000 0.054785080000
5 0.054785090000 0.054785090000 0.054785090000 0.054785080000 0.000000000000 0.003420900000 0.031865160000 0.047545960000 0.047545960000 0.047545960000
3 0.054785090000 0.054785090000 0.054785090000 0.054785080000 0.003420900000 0.000000000000 0.031865160000 0.047545960000 0.047545960000 0.047545960000
7 0.054785090000 0.054785090000 0.054785090000 0.054785080000 0.031865160000 0.031865160000 0.000000000000 0.047545960000 0.047545960000 0.047545960000
10 0.054785090000 0.054785090000 0.054785090000 0.054785080000 0.047545960000 0.047545960000 0.047545960000 0.000000000000 0.021432460000 0.045965400000
9 0.054785090000 0.054785090000 0.054785090000 0.054785080000 0.047545960000 0.047545960000 0.047545960000 0.021432460000 0.000000000000 0.045965400000
8 0.054785090000 0.054785090000 0.054785090000 0.054785080000 0.047545960000 0.047545960000 0.047545960000 0.045965400000 0.045965400000 0.000000000000
