10
4 0.000000000000 0.007222070000 0.007222070000 0.012506630000 0.013450860000 0.014432100000 0.017580160000 0.017580160000 0.017580160000 0.017580160000
1 0.007222070000 0.000000000000 0.004383580000 0.012506640000 0.013450870000 0.014432110000 0.017580170000 0.017580170000 0.017580170000 0.017580170000
2 0.007222070000 0.004383580000 0.000000000000 0.012506640000 0.013450870000 0.014432110000 0.017580170000 0.017580170000 0.017580170000 0.017580170000
8 0.012506630000 0.012506640000 0.012506640000 0.000000000000 0.013450870000 0.014432110000 0.017580170000 0.017580170000 0.017580170000 0.017580170000
10 0.013450860000 0.013450870000 0.013450870000 0.013450870000 0.000000000000 0.014432100000 0.017580160000 0.017580160000 0.017580160000 0.017580160000
9 0.014432100000 0.014432110000 0.014432110000 0.014432110000 0.014432100000 0.000000000000 0.017580160000 0.017580160000 0.017580160000 0.017580160000
7 0.017580160000 0.017580170000 0.017580170000 0.017580170000 0.017580160000 0.017580160000 0.000000000000 0.011966700000 0.011966700000 0.011966700000
6 0.017580160000 0.017580170000 0.017580170000 0.017580170000 0.017580160000 0.017580160000 0.011966700000 0.000000000000 0.011883120000 0.011883120000
5 0.017580160000 0.017580170000 0.017580170000 0.017580170000 0.017580160000 0.017580160000 0.011966700000 0.011883120000 0.000000000000 0.007143020000
3 0.017580160000 0.017580170000 0.017580170000 0.017580170000 0.017580160000 0.017580160000 0.011966700000 0.011883120000 0.007143020000 0.000000000000
