10
5 0.000000000000 0.011901920000 0.011901930000 0.011901930000 0.011901930000 0.012149480000 0.012149480000 0.019012550000 0.019012550000 0.020158270000
2 0.011901920000 0.000000000000 0.007070610000 0.007070610000 0.007070610000 0.012149480000 0.012149480000 0.019012550000 0.019012550000 0.020158270000
1 0.011901930000 0.007070610000 0.000000000000 0.004629220000 0.004912420000 0.012149490000 0.012149490000 0.019012560000 0.019012560000 0.020158280000
6 0.011901930000 0.007070610000 0.004629220000 0.000000000000 0.004912420000 0.012149490000 0.012149490000 0.019012560000 0.019012560000 0.020158280000
4 0.011901930000 0.007070610000 0.004912420000 0.004912420000 0.000000000000 0.012149490000 0.012149490000 0.019012560000 0.019012560000 0.020158280000
7 0.012149480000 0.012149480000 0.012149490000 0.012149490000 0.012149490000 0.000000000000 0.009948300000 0.019012550000 0.019012550000 0.020158270000
3 0.012149480000 0.012149480000 0.012149490000 0.012149490000 0.012149490000 0.009948300000 0.000000000000 0.019012550000 0.019012550000 0.020158270000
10 0.019012550000 0.019012550000 0.019012560000 0.019012560000 0.019012560000 0.019012550000 0.019012550000 0.000000000000 0.012104600000 0.020158280000
8 0.019012550000 0.019012550000 0.019012560000 0.019012560000 0.019012560000 0.019012550000 0.019012550000 0.012104600000 0.000000000000 0.020158280000
9 0.020158270000 0.020158270000 0.020158280000 0.020158280000 0.020158280000 0.020158270000 0.020158270000 0.020158280000 0.020158280000 0.000000000000
