10
5 0.000000000000 0.002993200000 0.015432170000 0.015432170000 0.015432170000 0.015432180000 0.015432180000 0.015432170000 0.024081730000 0.024081730000
3 0.002993200000 0.000000000000 0.015432170000 0.015432170000 0.015432170000 0.015432180000 0.015432180000 0.015432170000 0.024081730000 0.024081730000
10 0.015432170000 0.015432170000 0.000000000000 0.012143420000 0.012143420000 0.012143430000 0.012143430000 0.013945840000 0.024081740000 0.024081740000
2 0.015432170000 0.015432170000 0.012143420000 0.000000000000 0.002181560000 0.004773190000 0.004773190000 0.013945840000 0.024081740000 0.024081740000
6 0.015432170000 0.015432170000 0.012143420000 0.002181560000 0.000000000000 0.004773190000 0.004773190000 0.013945840000 0.024081740000 0.024081740000
4 0.015432180000 0.015432180000 0.012143430000 0.004773190000 0.004773190000 0.000000000000 0.003401300000 0.013945850000 0.024081750000 0.024081750000
1 0.015432180000 0.015432180000 0.012143430000 0.004773190000 0.004773190000 0.003401300000 0.000000000000 0.013945850000 0.024081750000 0.024081750000
9 0.015432170000 0.015432170000 0.013945840000 0.013945840000 0.013945840000 0.013945850000 0.013945850000 0.000000000000 0.024081740000 0.024081740000
8 0.024081730000 0.024081730000 0.024081740000 0.024081740000 0.024081740000 0.024081750000 0.024081750000 0.024081740000 0.000000000000 0.017012720000
7 0.024081730000 0.024081730000 0.024081740000 0.024081740000 0.024081740000 0.024081750000 0.024081750000 0.024081740000 0.017012720000 0.000000000000
