10
8 0.000000000000 0.013134000000 0.013134010000 0.013134000000 0.013134000000 0.013134010000 0.013134010000 0.013134010000 0.024133170000 0.024133170000
4 0.013134000000 0.000000000000 0.009354370000 0.009354360000 0.009354360000 0.012666230000 0.012666230000 0.012666230000 0.024133170000 0.024133170000
1 0.013134010000 0.009354370000 0.000000000000 0.003041290000 0.003041290000 0.012666240000 0.012666240000 0.012666240000 0.024133180000 0.024133180000
2 0.013134000000 0.009354360000 0.003041290000 0.000000000000 0.001597720000 0.012666230000 0.012666230000 0.012666230000 0.024133170000 0.024133170000
6 0.013134000000 0.009354360000 0.003041290000 0.001597720000 0.000000000000 0.012666230000 0.012666230000 0.012666230000 0.024133170000 0.024133170000
7 0.013134010000 0.012666230000 0.012666240000 0.012666230000 0.012666230000 0.000000000000 0.011029820000 0.011029820000 0.024133180000 0.024133180000
5 0.013134010000 0.012666230000 0.012666240000 0.012666230000 0.012666230000 0.011029820000 0.000000000000 0.002132920000 0.024133180000 0.024133180000
3 0.013134010000 0.012666230000 0.012666240000 0.012666230000 0.012666230000 0.011029820000 0.002132920000 0.000000000000 0.024133180000 0.024133180000
10 0.024133170000 0.024133170000 0.024133180000 0.024133170000 0.024133170000 0.024133180000 0.024133180000 0.024133180000 0.000000000000 0.009951540000
9 0.024133170000 0.024133170000 0.024133180000 0.024133170000 0.024133170000 0.024133180000 0.024133180000 0.024133180000 0.009951540000 0.000000000000
