10
10 0.000000000000 0.009137380000 0.021991020000 0.021991020000 0.021991020000 0.021991030000 0.021991030000 0.021991020000 0.021991020000 0.021991020000
9 0.009137380000 0.000000000000 0.021991020000 0.021991020000 0.021991020000 0.021991030000 0.021991030000 0.021991020000 0.021991020000 0.021991020000
8 0.021991020000 0.021991020000 0.000000000000 0.012449040000 0.012449040000 0.012519370000 0.012519370000 0.012537200000 0.012537200000 0.012537200000
6 0.021991020000 0.021991020000 0.012449040000 0.000000000000 0.003612160000 0.012519370000 0.012519370000 0.012537200000 0.012537200000 0.012537200000
1 0.021991020000 0.021991020000 0.012449040000 0.003612160000 0.000000000000 0.012519370000 0.012519370000 0.012537200000 0.012537200000 0.012537200000
2 0.021991030000 0.021991030000 0.012519370000 0.012519370000 0.012519370000 0.000000000000 0.007834560000 0.012537210000 0.012537210000 0.012537210000
4 0.021991030000 0.021991030000 0.012519370000 0.012519370000 0.012519370000 0.007834560000 0.000000000000 0.012537210000 0.012537210000 0.012537210000
3 0.021991020000 0.021991020000 0.012537200000 0.012537200000 0.012537200000 0.012537210000 0.012537210000 0.000000000000 0.002149980000 0.012400640000
5 0.021991020000 0.021991020000 0.012537200000 0.012537200000 0.012537200000 0.012537210000 0.012537210000 0.002149980000 0.000000000000 0.012400640000
7 0.021991020000 0.021991020000 0.012537200000 0.012537200000 0.012537200000 0.012537210000 0.012537210000 0.012400640000 0.012400640000 0.000000000000
