10
8 0.000000000000 0.014098930000 0.014098940000 0.014098940000 0.014098940000 0.014098940000 0.014098940000 0.014098940000 0.014098940000 0.014098940000
7 0.014098930000 0.000000000000 0.012146850000 0.012146850000 0.012912030000 0.012912030000 0.012912030000 0.012912030000 0.013974350000 0.013974350000
10 0.014098940000 0.012146850000 0.000000000000 0.007708200000 0.012912040000 0.012912040000 0.012912040000 0.012912040000 0.013974360000 0.013974360000
9 0.014098940000 0.012146850000 0.007708200000 0.000000000000 0.012912040000 0.012912040000 0.012912040000 0.012912040000 0.013974360000 0.013974360000
2 0.014098940000 0.012912030000 0.012912040000 0.012912040000 0.000000000000 0.007206600000 0.007206600000 0.007206600000 0.013974360000 0.013974360000
4 0.014098940000 0.012912030000 0.012912040000 0.012912040000 0.007206600000 0.000000000000 0.003355680000 0.003355680000 0.013974360000 0.013974360000
6 0.014098940000 0.012912030000 0.012912040000 0.012912040000 0.007206600000 0.003355680000 0.000000000000 0.002537300000 0.013974360000 0.013974360000
1 0.014098940000 0.012912030000 0.012912040000 0.012912040000 0.007206600000 0.003355680000 0.002537300000 0.000000000000 0.013974360000 0.013974360000
3 0.014098940000 0.013974350000 0.013974360000 0.013974360000 0.013974360000 0.013974360000 0.013974360000 0.013974360000 0.000000000000 0.003661880000
5 0.014098940000 0.013974350000 0.013974360000 0.013974360000 0.013974360000 0.013974360000 0.013974360000 0.013974360000 0.003661880000 0.000000000000
