10
10 0.000000000000 0.014374100000 0.019158860000 0.019158860000 0.019158860000 0.019158860000 0.019158860000 0.019158860000 0.019158860000 0.019158860000
9 0.014374100000 0.000000000000 0.019158860000 0.019158860000 0.019158860000 0.019158860000 0.019158860000 0.019158860000 0.019158860000 0.019158860000
7 0.019158860000 0.019158860000 0.000000000000 0.010381840000 0.010381840000 0.011955500000 0.015318640000 0.015318640000 0.015318640000 0.015318640000
3 0.019158860000 0.019158860000 0.010381840000 0.000000000000 0.005084120000 0.011955500000 0.015318640000 0.015318640000 0.015318640000 0.015318640000
5 0.019158860000 0.019158860000 0.010381840000 0.005084120000 0.000000000000 0.011955500000 0.015318640000 0.015318640000 0.015318640000 0.015318640000
8 0.019158860000 0.019158860000 0.011955500000 0.011955500000 0.011955500000 0.000000000000 0.015318640000 0.015318640000 0.015318640000 0.015318640000
2 0.019158860000 0.019158860000 0.015318640000 0.015318640000 0.015318640000 0.015318640000 0.000000000000 0.001278940000 0.004394920000 0.010852040000
6 0.019158860000 0.019158860000 0.015318640000 0.015318640000 0.015318640000 0.015318640000 0.001278940000 0.000000000000 0.004394920000 0.010852040000
4 0.019158860000 0.019158860000 0.015318640000 0.015318640000 0.015318640000 0.015318640000 0.004394920000 0.004394920000 0.000000000000 0.010852040000
1 0.019158860000 0.019158860000 0.015318640000 0.015318640000 0.015318640000 0.015318640000 0.010852040000 0.010852040000 0.010852040000 0.000000000000
