10
5 0.000000000000 0.001416540000 0.013479930000 0.013479930000 0.015056780000 0.015056790000 0.015056790000 0.015056780000 0.015056790000 0.015056790000
3 0.001416540000 0.000000000000 0.013479930000 0.013479930000 0.015056780000 0.015056790000 0.015056790000 0.015056780000 0.015056790000 0.015056790000
10 0.013479930000 0.013479930000 0.000000000000 0.009161400000 0.015056790000 0.015056800000 0.015056800000 0.015056790000 0.015056800000 0.015056800000
9 0.013479930000 0.013479930000 0.009161400000 0.000000000000 0.015056790000 0.015056800000 0.015056800000 0.015056790000 0.015056800000 0.015056800000
4 0.015056780000 0.015056780000 0.015056790000 0.015056790000 0.000000000000 0.010085750000 0.010085750000 0.010085740000 0.011956670000 0.012284010000
6 0.015056790000 0.015056790000 0.015056800000 0.015056800000 0.010085750000 0.000000000000 0.001755140000 0.002131650000 0.011956680000 0.012284020000
2 0.015056790000 0.015056790000 0.015056800000 0.015056800000 0.010085750000 0.001755140000 0.000000000000 0.002131650000 0.011956680000 0.012284020000
1 0.015056780000 0.015056780000 0.015056790000 0.015056790000 0.010085740000 0.002131650000 0.002131650000 0.000000000000 0.011956670000 0.012284010000
7 0.015056790000 0.015056790000 0.015056800000 0.015056800000 0.011956670000 0.011956680000 0.011956680000 0.011956670000 0.000000000000 0.012284020000
8 0.015056790000 0.015056790000 0.015056800000 0.015056800000 0.012284010000 0.012284020000 0.012284020000 0.012284010000 0.012284020000 0.000000000000
