10
9 0.000000000000 0.008285840000 0.016135080000 0.016135090000 0.016135090000 0.016135080000 0.016135070000 0.016135070000 0.016135070000 0.016135080000
10 0.008285840000 0.000000000000 0.016135080000 0.016135090000 0.016135090000 0.016135080000 0.016135070000 0.016135070000 0.016135070000 0.016135080000
5 0.016135080000 0.016135080000 0.000000000000 0.013165970000 0.013165970000 0.013165960000 0.013165950000 0.013165950000 0.013165950000 0.013165960000
7 0.016135090000 0.016135090000 0.013165970000 0.000000000000 0.010703780000 0.012607750000 0.012607740000 0.012607740000 0.012607740000 0.012607750000
3 0.016135090000 0.016135090000 0.013165970000 0.010703780000 0.000000000000 0.012607750000 0.012607740000 0.012607740000 0.012607740000 0.012607750000
8 0.016135080000 0.016135080000 0.013165960000 0.012607750000 0.012607750000 0.000000000000 0.011890930000 0.011890930000 0.011890930000 0.011890940000
6 0.016135070000 0.016135070000 0.013165950000 0.012607740000 0.012607740000 0.011890930000 0.000000000000 0.002901020000 0.005226340000 0.011324470000
2 0.016135070000 0.016135070000 0.013165950000 0.012607740000 0.012607740000 0.011890930000 0.002901020000 0.000000000000 0.005226340000 0.011324470000
1 0.016135070000 0.016135070000 0.013165950000 0.012607740000 0.012607740000 0.011890930000 0.005226340000 0.005226340000 0.000000000000 0.011324470000
4 0.016135080000 0.016135080000 0.013165960000 0.012607750000 0.012607750000 0.011890940000 0.011324470000 0.011324470000 0.011324470000 0.000000000000
