10
10 0.000000000000 0.018285180000 0.018368160000 0.018368160000 0.018368150000 0.018368150000 0.018368150000 0.018368150000 0.018368150000 0.018368150000
7 0.018285180000 0.000000000000 0.018368160000 0.018368160000 0.018368150000 0.018368150000 0.018368150000 0.018368150000 0.018368150000 0.018368150000
5 0.018368160000 0.018368160000 0.000000000000 0.006421240000 0.015937250000 0.015937250000 0.015937250000 0.015937250000 0.015937250000 0.015937250000
3 0.018368160000 0.018368160000 0.006421240000 0.000000000000 0.015937250000 0.015937250000 0.015937250000 0.015937250000 0.015937250000 0.015937250000
9 0.018368150000 0.018368150000 0.015937250000 0.015937250000 0.000000000000 0.012428240000 0.012428240000 0.012428240000 0.012428240000 0.012428240000
1 0.018368150000 0.018368150000 0.015937250000 0.015937250000 0.012428240000 0.000000000000 0.007423320000 0.012114800000 0.012114800000 0.012264720000
4 0.018368150000 0.018368150000 0.015937250000 0.015937250000 0.012428240000 0.007423320000 0.000000000000 0.012114800000 0.012114800000 0.012264720000
6 0.018368150000 0.018368150000 0.015937250000 0.015937250000 0.012428240000 0.012114800000 0.012114800000 0.000000000000 0.004031940000 0.012264720000
2 0.018368150000 0.018368150000 0.015937250000 0.015937250000 0.012428240000 0.012114800000 0.012114800000 0.004031940000 0.000000000000 0.012264720000
8 0.018368150000 0.018368150000 0.015937250000 0.015937250000 0.012428240000 0.012264720000 0.012264720000 0.012264720000 0.012264720000 0.000000000000
