10
5 0.000000000000 0.002839940000 0.012998580000 0.012998580000 0.020331990000 0.020331990000 0.020331990000 0.020331990000 0.020331990000 0.020331990000
3 0.002839940000 0.000000000000 0.012998580000 0.012998580000 0.020331990000 0.020331990000 0.020331990000 0.020331990000 0.020331990000 0.020331990000
7 0.012998580000 0.012998580000 0.000000000000 0.011923260000 0.020331990000 0.020331990000 0.020331990000 0.020331990000 0.020331990000 0.020331990000
8 0.012998580000 0.012998580000 0.011923260000 0.000000000000 0.020331990000 0.020331990000 0.020331990000 0.020331990000 0.020331990000 0.020331990000
4 0.020331990000 0.020331990000 0.020331990000 0.020331990000 0.000000000000 0.003952940000 0.006107500000 0.006107500000 0.013761840000 0.013761840000
1 0.020331990000 0.020331990000 0.020331990000 0.020331990000 0.003952940000 0.000000000000 0.006107500000 0.006107500000 0.013761840000 0.013761840000
2 0.020331990000 0.020331990000 0.020331990000 0.020331990000 0.006107500000 0.006107500000 0.000000000000 0.001442840000 0.013761840000 0.013761840000
6 0.020331990000 0.020331990000 0.020331990000 0.020331990000 0.006107500000 0.006107500000 0.001442840000 0.000000000000 0.013761840000 0.013761840000
10 0.020331990000 0.020331990000 0.020331990000 0.020331990000 0.013761840000 0.013761840000 0.013761840000 0.013761840000 0.000000000000 0.008265800000
9 0.020331990000 0.020331990000 0.020331990000 0.020331990000 0.013761840000 0.013761840000 0.013761840000 0.013761840000 0.008265800000 0.000000000000
