10
7 0.000000000000 0.011673160000 0.016067740000 0.016067750000 0.016067750000 0.018005210000 0.018005210000 0.018005220000 0.018005210000 0.018005210000
3 0.011673160000 0.000000000000 0.016067740000 0.016067750000 0.016067750000 0.018005210000 0.018005210000 0.018005220000 0.018005210000 0.018005210000
5 0.016067740000 0.016067740000 0.000000000000 0.012825790000 0.012825790000 0.018005210000 0.018005210000 0.018005220000 0.018005210000 0.018005210000
9 0.016067750000 0.016067750000 0.012825790000 0.000000000000 0.009231520000 0.018005220000 0.018005220000 0.018005230000 0.018005220000 0.018005220000
10 0.016067750000 0.016067750000 0.012825790000 0.009231520000 0.000000000000 0.018005220000 0.018005220000 0.018005230000 0.018005220000 0.018005220000
8 0.018005210000 0.018005210000 0.018005210000 0.018005220000 0.018005220000 0.000000000000 0.016584920000 0.016584930000 0.016584920000 0.016584920000
6 0.018005210000 0.018005210000 0.018005210000 0.018005220000 0.018005220000 0.016584920000 0.000000000000 0.005874150000 0.005874140000 0.005874140000
2 0.018005220000 0.018005220000 0.018005220000 0.018005230000 0.018005230000 0.016584930000 0.005874150000 0.000000000000 0.004267830000 0.004267830000
4 0.018005210000 0.018005210000 0.018005210000 0.018005220000 0.018005220000 0.016584920000 0.005874140000 0.004267830000 0.000000000000 0.003978520000
1 0.018005210000 0.018005210000 0.018005210000 0.018005220000 0.018005220000 0.016584920000 0.005874140000 0.004267830000 0.003978520000 0.000000000000
