10
9 0.000000000000 0.014421260000 0.016087960000 0.016087960000 0.016087960000 0.016087960000 0.016087970000 0.016087970000 0.016087970000 0.016087970000
8 0.014421260000 0.000000000000 0.016087960000 0.016087960000 0.016087960000 0.016087960000 0.016087970000 0.016087970000 0.016087970000 0.016087970000
4 0.016087960000 0.016087960000 0.000000000000 0.006828060000 0.011435360000 0.011435360000 0.014657470000 0.014657470000 0.014657470000 0.014657470000
2 0.016087960000 0.016087960000 0.006828060000 0.000000000000 0.011435360000 0.011435360000 0.014657470000 0.014657470000 0.014657470000 0.014657470000
6 0.016087960000 0.016087960000 0.011435360000 0.011435360000 0.000000000000 0.002315480000 0.014657470000 0.014657470000 0.014657470000 0.014657470000
1 0.016087960000 0.016087960000 0.011435360000 0.011435360000 0.002315480000 0.000000000000 0.014657470000 0.014657470000 0.014657470000 0.014657470000
7 0.016087970000 0.016087970000 0.014657470000 0.014657470000 0.014657470000 0.014657470000 0.000000000000 0.011342820000 0.011739820000 0.012276320000
5 0.016087970000 0.016087970000 0.014657470000 0.014657470000 0.014657470000 0.014657470000 0.011342820000 0.000000000000 0.011739820000 0.012276320000
3 0.016087970000 0.016087970000 0.014657470000 0.014657470000 0.014657470000 0.014657470000 0.011739820000 0.011739820000 0.000000000000 0.012276320000
10 0.016087970000 0.016087970000 0.014657470000 0.014657470000 0.014657470000 0.014657470000 0.012276320000 0.012276320000 0.012276320000 0.000000000000
