10
7 0.000000000000 0.011954580000 0.011954580000 0.012092670000 0.014378380000 0.014378380000 0.014378390000 0.019122450000 0.019122450000 0.019122450000
10 0.011954580000 0.000000000000 0.011463800000 0.012092670000 0.014378380000 0.014378380000 0.014378390000 0.019122450000 0.019122450000 0.019122450000
9 0.011954580000 0.011463800000 0.000000000000 0.012092670000 0.014378380000 0.014378380000 0.014378390000 0.019122450000 0.019122450000 0.019122450000
8 0.012092670000 0.012092670000 0.012092670000 0.000000000000 0.014378370000 0.014378370000 0.014378380000 0.019122440000 0.019122440000 0.019122440000
3 0.014378380000 0.014378380000 0.014378380000 0.014378370000 0.000000000000 0.003112800000 0.012635670000 0.019122430000 0.019122430000 0.019122430000
5 0.014378380000 0.014378380000 0.014378380000 0.014378370000 0.003112800000 0.000000000000 0.012635670000 0.019122430000 0.019122430000 0.019122430000
4 0.014378390000 0.014378390000 0.014378390000 0.014378380000 0.012635670000 0.012635670000 0.000000000000 0.019122440000 0.019122440000 0.019122440000
1 0.019122450000 0.019122450000 0.019122450000 0.019122440000 0.019122430000 0.019122430000 0.019122440000 0.000000000000 0.002223460000 0.002223460000
2 0.019122450000 0.019122450000 0.019122450000 0.019122440000 0.019122430000 0.019122430000 0.019122440000 0.002223460000 0.000000000000 0.001563640000
6 0.019122450000 0.019122450000 0.019122450000 0.019122440000 0.019122430000 0.019122430000 0.019122440000 0.002223460000 0.001563640000 0.000000000000
