10
5 0.000000000000 0.003278700000 0.014019730000 0.017115340000 0.017115340000 0.017115340000 0.017115330000 0.017115330000 0.017115340000 0.017115340000
3 0.003278700000 0.000000000000 0.014019730000 0.017115340000 0.017115340000 0.017115340000 0.017115330000 0.017115330000 0.017115340000 0.017115340000
10 0.014019730000 0.014019730000 0.000000000000 0.017115350000 0.017115350000 0.017115350000 0.017115340000 0.017115340000 0.017115350000 0.017115350000
7 0.017115340000 0.017115340000 0.017115350000 0.000000000000 0.012698180000 0.013667300000 0.013667290000 0.013667290000 0.013667300000 0.013667300000
9 0.017115340000 0.017115340000 0.017115350000 0.012698180000 0.000000000000 0.013667300000 0.013667290000 0.013667290000 0.013667300000 0.013667300000
4 0.017115340000 0.017115340000 0.017115350000 0.013667300000 0.013667300000 0.000000000000 0.005293610000 0.005293610000 0.005293620000 0.012477460000
6 0.017115330000 0.017115330000 0.017115340000 0.013667290000 0.013667290000 0.005293610000 0.000000000000 0.002461880000 0.003298830000 0.012477450000
1 0.017115330000 0.017115330000 0.017115340000 0.013667290000 0.013667290000 0.005293610000 0.002461880000 0.000000000000 0.003298830000 0.012477450000
2 0.017115340000 0.017115340000 0.017115350000 0.013667300000 0.013667300000 0.005293620000 0.003298830000 0.003298830000 0.000000000000 0.012477460000
8 0.017115340000 0.017115340000 0.017115350000 0.013667300000 0.013667300000 0.012477460000 0.012477450000 0.012477450000 0.012477460000 0.000000000000
