10
4 0.000000000000 0.008132840000 0.008132840000 0.008132840000 0.012820480000 0.012820480000 0.012820480000 0.013581160000 0.013581160000 0.013581160000
2 0.008132840000 0.000000000000 0.003667240000 0.003667240000 0.012820480000 0.012820480000 0.012820480000 0.013581160000 0.013581160000 0.013581160000
6 0.008132840000 0.003667240000 0.000000000000 0.002494400000 0.012820480000 0.012820480000 0.012820480000 0.013581160000 0.013581160000 0.013581160000
1 0.008132840000 0.003667240000 0.002494400000 0.000000000000 0.012820480000 0.012820480000 0.012820480000 0.013581160000 0.013581160000 0.013581160000
7 0.012820480000 0.012820480000 0.012820480000 0.012820480000 0.000000000000 0.010669700000 0.010669700000 0.013581160000 0.013581160000 0.013581160000
5 0.012820480000 0.012820480000 0.012820480000 0.012820480000 0.010669700000 0.000000000000 0.006365020000 0.013581160000 0.013581160000 0.013581160000
3 0.012820480000 0.012820480000 0.012820480000 0.012820480000 0.010669700000 0.006365020000 0.000000000000 0.013581160000 0.013581160000 0.013581160000
10 0.013581160000 0.013581160000 0.013581160000 0.013581160000 0.013581160000 0.013581160000 0.013581160000 0.000000000000 0.008141140000 0.011921160000
9 0.013581160000 0.013581160000 0.013581160000 0.013581160000 0.013581160000 0.013581160000 0.013581160000 0.008141140000 0.000000000000 0.011921160000
8 0.013581160000 0.013581160000 0.013581160000 0.013581160000 0.013581160000 0.013581160000 0.013581160000 0.011921160000 0.011921160000 0.000000000000
