10
9 0.000000000000 0.009835640000 0.012336370000 0.012336370000 0.012336370000 0.012336370000 0.012991020000 0.015632340000 0.017194520000 0.017194520000
10 0.009835640000 0.000000000000 0.012336370000 0.012336370000 0.012336370000 0.012336370000 0.012991020000 0.015632340000 0.017194520000 0.017194520000
4 0.012336370000 0.012336370000 0.000000000000 0.009122100000 0.009122100000 0.009122100000 0.012991010000 0.015632330000 0.017194510000 0.017194510000
6 0.012336370000 0.012336370000 0.009122100000 0.000000000000 0.005347260000 0.005347260000 0.012991010000 0.015632330000 0.017194510000 0.017194510000
1 0.012336370000 0.012336370000 0.009122100000 0.005347260000 0.000000000000 0.002755520000 0.012991010000 0.015632330000 0.017194510000 0.017194510000
2 0.012336370000 0.012336370000 0.009122100000 0.005347260000 0.002755520000 0.000000000000 0.012991010000 0.015632330000 0.017194510000 0.017194510000
8 0.012991020000 0.012991020000 0.012991010000 0.012991010000 0.012991010000 0.012991010000 0.000000000000 0.015632340000 0.017194520000 0.017194520000
7 0.015632340000 0.015632340000 0.015632330000 0.015632330000 0.015632330000 0.015632330000 0.015632340000 0.000000000000 0.017194520000 0.017194520000
3 0.017194520000 0.017194520000 0.017194510000 0.017194510000 0.017194510000 0.017194510000 0.017194520000 0.017194520000 0.000000000000 0.002811760000
5 0.017194520000 0.017194520000 0.017194510000 0.017194510000 0.017194510000 0.017194510000 0.017194520000 0.017194520000 0.002811760000 0.000000000000
