10
6 0.000000000000 0.012640140000 0.014662060000 0.014662060000 0.020140820000 0.020140820000 0.020140820000 0.020140820000 0.020140830000 0.020140830000
10 0.012640140000 0.000000000000 0.014662060000 0.014662060000 0.020140820000 0.020140820000 0.020140820000 0.020140820000 0.020140830000 0.020140830000
7 0.014662060000 0.014662060000 0.000000000000 0.012300560000 0.020140820000 0.020140820000 0.020140820000 0.020140820000 0.020140830000 0.020140830000
9 0.014662060000 0.014662060000 0.012300560000 0.000000000000 0.020140820000 0.020140820000 0.020140820000 0.020140820000 0.020140830000 0.020140830000
8 0.020140820000 0.020140820000 0.020140820000 0.020140820000 0.000000000000 0.011957220000 0.011957220000 0.011957220000 0.014533470000 0.014533470000
4 0.020140820000 0.020140820000 0.020140820000 0.020140820000 0.011957220000 0.000000000000 0.003113580000 0.004893180000 0.014533470000 0.014533470000
1 0.020140820000 0.020140820000 0.020140820000 0.020140820000 0.011957220000 0.003113580000 0.000000000000 0.004893180000 0.014533470000 0.014533470000
2 0.020140820000 0.020140820000 0.020140820000 0.020140820000 0.011957220000 0.004893180000 0.004893180000 0.000000000000 0.014533470000 0.014533470000
3 0.020140830000 0.020140830000 0.020140830000 0.020140830000 0.014533470000 0.014533470000 0.014533470000 0.014533470000 0.000000000000 0.000852580000
5 0.020140830000 0.020140830000 0.020140830000 0.020140830000 0.014533470000 0.014533470000 0.014533470000 0.014533470000 0.000852580000 0.000000000000
