10
2 0.000000000000 0.003704140000 0.003704140000 0.014942410000 0.014942410000 0.014942410000 0.016878040000 0.016878050000 0.016878050000 0.016878050000
6 0.003704140000 0.000000000000 0.003274500000 0.014942410000 0.014942410000 0.014942410000 0.016878040000 0.016878050000 0.016878050000 0.016878050000
4 0.003704140000 0.003274500000 0.000000000000 0.014942410000 0.014942410000 0.014942410000 0.016878040000 0.016878050000 0.016878050000 0.016878050000
1 0.014942410000 0.014942410000 0.014942410000 0.000000000000 0.012999000000 0.012999000000 0.016878030000 0.016878040000 0.016878040000 0.016878040000
9 0.014942410000 0.014942410000 0.014942410000 0.012999000000 0.000000000000 0.012473040000 0.016878030000 0.016878040000 0.016878040000 0.016878040000
10 0.014942410000 0.014942410000 0.014942410000 0.012999000000 0.012473040000 0.000000000000 0.016878030000 0.016878040000 0.016878040000 0.016878040000
7 0.016878040000 0.016878040000 0.016878040000 0.016878030000 0.016878030000 0.016878030000 0.000000000000 0.012912510000 0.012912510000 0.012912510000
8 0.016878050000 0.016878050000 0.016878050000 0.016878040000 0.016878040000 0.016878040000 0.012912510000 0.000000000000 0.011905880000 0.011905880000
5 0.016878050000 0.016878050000 0.016878050000 0.016878040000 0.016878040000 0.016878040000 0.012912510000 0.011905880000 0.000000000000 0.003489380000
3 0.016878050000 0.016878050000 0.016878050000 0.016878040000 0.016878040000 0.016878040000 0.012912510000 0.011905880000 0.003489380000 0.000000000000
