10
9 0.000000000000 0.010895100000 0.011861420000 0.012133110000 0.012133110000 0.012133120000 0.012133110000 0.013805730000 0.013805730000 0.013805730000
10 0.010895100000 0.000000000000 0.011861420000 0.012133110000 0.012133110000 0.012133120000 0.012133110000 0.013805730000 0.013805730000 0.013805730000
8 0.011861420000 0.011861420000 0.000000000000 0.012133110000 0.012133110000 0.012133120000 0.012133110000 0.013805730000 0.013805730000 0.013805730000
2 0.012133110000 0.012133110000 0.012133110000 0.000000000000 0.001446380000 0.006251770000 0.007770060000 0.013805720000 0.013805720000 0.013805720000
6 0.012133110000 0.012133110000 0.012133110000 0.001446380000 0.000000000000 0.006251770000 0.007770060000 0.013805720000 0.013805720000 0.013805720000
1 0.012133120000 0.012133120000 0.012133120000 0.006251770000 0.006251770000 0.000000000000 0.007770070000 0.013805730000 0.013805730000 0.013805730000
4 0.012133110000 0.012133110000 0.012133110000 0.007770060000 0.007770060000 0.007770070000 0.000000000000 0.013805720000 0.013805720000 0.013805720000
5 0.013805730000 0.013805730000 0.013805730000 0.013805720000 0.013805720000 0.013805730000 0.013805720000 0.000000000000 0.001201340000 0.013515360000
3 0.013805730000 0.013805730000 0.013805730000 0.013805720000 0.013805720000 0.013805730000 0.013805720000 0.001201340000 0.000000000000 0.013515360000
7 0.013805730000 0.013805730000 0.013805730000 0.013805720000 0.013805720000 0.013805730000 0.013805720000 0.013515360000 0.013515360000 0.000000000000
