10
9 0.000000000000 0.008962360000 0.012410960000 0.012410960000 0.012410960000 0.016761910000 0.016761910000 0.016761910000 0.016761910000 0.016761920000
10 0.008962360000 0.000000000000 0.012410960000 0.012410960000 0.012410960000 0.016761910000 0.016761910000 0.016761910000 0.016761910000 0.016761920000
7 0.012410960000 0.012410960000 0.000000000000 0.011104520000 0.011104520000 0.016761910000 0.016761910000 0.016761910000 0.016761910000 0.016761920000
3 0.012410960000 0.012410960000 0.011104520000 0.000000000000 0.006618700000 0.016761910000 0.016761910000 0.016761910000 0.016761910000 0.016761920000
5 0.012410960000 0.012410960000 0.011104520000 0.006618700000 0.000000000000 0.016761910000 0.016761910000 0.016761910000 0.016761910000 0.016761920000
2 0.016761910000 0.016761910000 0.016761910000 0.016761910000 0.016761910000 0.000000000000 0.005934120000 0.005934120000 0.005934120000 0.013996490000
6 0.016761910000 0.016761910000 0.016761910000 0.016761910000 0.016761910000 0.005934120000 0.000000000000 0.002222560000 0.005002760000 0.013996490000
1 0.016761910000 0.016761910000 0.016761910000 0.016761910000 0.016761910000 0.005934120000 0.002222560000 0.000000000000 0.005002760000 0.013996490000
4 0.016761910000 0.016761910000 0.016761910000 0.016761910000 0.016761910000 0.005934120000 0.005002760000 0.005002760000 0.000000000000 0.013996490000
8 0.016761920000 0.016761920000 0.016761920000 0.016761920000 0.016761920000 0.013996490000 0.013996490000 0.013996490000 0.013996490000 0.000000000000
