10
10 0.000000000000 0.018162980000 0.020516270000 0.020516260000 0.020516260000 0.020516270000 0.020516270000 0.020516270000 0.020516270000 0.020516270000
8 0.018162980000 0.000000000000 0.020516270000 0.020516260000 0.020516260000 0.020516270000 0.020516270000 0.020516270000 0.020516270000 0.020516270000
7 0.020516270000 0.020516270000 0.000000000000 0.013749950000 0.013749950000 0.013749960000 0.013749960000 0.013749960000 0.013749960000 0.013749960000
5 0.020516260000 0.020516260000 0.013749950000 0.000000000000 0.002660180000 0.012980290000 0.012980290000 0.012980290000 0.012980290000 0.012980290000
3 0.020516260000 0.020516260000 0.013749950000 0.002660180000 0.000000000000 0.012980290000 0.012980290000 0.012980290000 0.012980290000 0.012980290000
1 0.020516270000 0.020516270000 0.013749960000 0.012980290000 0.012980290000 0.000000000000 0.003095260000 0.006903200000 0.006903200000 0.012156960000
4 0.020516270000 0.020516270000 0.013749960000 0.012980290000 0.012980290000 0.003095260000 0.000000000000 0.006903200000 0.006903200000 0.012156960000
2 0.020516270000 0.020516270000 0.013749960000 0.012980290000 0.012980290000 0.006903200000 0.006903200000 0.000000000000 0.002541000000 0.012156960000
6 0.020516270000 0.020516270000 0.013749960000 0.012980290000 0.012980290000 0.006903200000 0.006903200000 0.002541000000 0.000000000000 0.012156960000
9 0.020516270000 0.020516270000 0.013749960000 0.012980290000 0.012980290000 0.012156960000 0.012156960000 0.012156960000 0.012156960000 0.000000000000
