10
8 0.000000000000 0.013071560000 0.024347650000 0.024347650000 0.024347650000 0.024347650000 0.024347650000 0.024347650000 0.024347650000 0.024347650000
10 0.013071560000 0.000000000000 0.024347650000 0.024347650000 0.024347650000 0.024347650000 0.024347650000 0.024347650000 0.024347650000 0.024347650000
6 0.024347650000 0.024347650000 0.000000000000 0.001419020000 0.004060500000 0.014910860000 0.014910860000 0.014910860000 0.014910860000 0.014910860000
2 0.024347650000 0.024347650000 0.001419020000 0.000000000000 0.004060500000 0.014910860000 0.014910860000 0.014910860000 0.014910860000 0.014910860000
1 0.024347650000 0.024347650000 0.004060500000 0.004060500000 0.000000000000 0.014910860000 0.014910860000 0.014910860000 0.014910860000 0.014910860000
9 0.024347650000 0.024347650000 0.014910860000 0.014910860000 0.014910860000 0.000000000000 0.012940560000 0.013067660000 0.013067660000 0.013067660000
7 0.024347650000 0.024347650000 0.014910860000 0.014910860000 0.014910860000 0.012940560000 0.000000000000 0.013067660000 0.013067660000 0.013067660000
4 0.024347650000 0.024347650000 0.014910860000 0.014910860000 0.014910860000 0.013067660000 0.013067660000 0.000000000000 0.012301420000 0.012301420000
5 0.024347650000 0.024347650000 0.014910860000 0.014910860000 0.014910860000 0.013067660000 0.013067660000 0.012301420000 0.000000000000 0.005505880000
3 0.024347650000 0.024347650000 0.014910860000 0.014910860000 0.014910860000 0.013067660000 0.013067660000 0.012301420000 0.005505880000 0.000000000000
