10
1 0.000000000000 0.006387880000 0.006387880000 0.012179100000 0.012179100000 0.015732690000 0.015732690000 0.018840930000 0.018840920000 0.018840920000
4 0.006387880000 0.000000000000 0.003812240000 0.012179100000 0.012179100000 0.015732690000 0.015732690000 0.018840930000 0.018840920000 0.018840920000
6 0.006387880000 0.003812240000 0.000000000000 0.012179100000 0.012179100000 0.015732690000 0.015732690000 0.018840930000 0.018840920000 0.018840920000
2 0.012179100000 0.012179100000 0.012179100000 0.000000000000 0.011980660000 0.015732690000 0.015732690000 0.018840930000 0.018840920000 0.018840920000
9 0.012179100000 0.012179100000 0.012179100000 0.011980660000 0.000000000000 0.015732690000 0.015732690000 0.018840930000 0.018840920000 0.018840920000
3 0.015732690000 0.015732690000 0.015732690000 0.015732690000 0.015732690000 0.000000000000 0.001012720000 0.018840940000 0.018840930000 0.018840930000
5 0.015732690000 0.015732690000 0.015732690000 0.015732690000 0.015732690000 0.001012720000 0.000000000000 0.018840940000 0.018840930000 0.018840930000
8 0.018840930000 0.018840930000 0.018840930000 0.018840930000 0.018840930000 0.018840940000 0.018840940000 0.000000000000 0.013256990000 0.013256990000
7 0.018840920000 0.018840920000 0.018840920000 0.018840920000 0.018840920000 0.018840930000 0.018840930000 0.013256990000 0.000000000000 0.012069800000
10 0.018840920000 0.018840920000 0.018840920000 0.018840920000 0.018840920000 0.018840930000 0.018840930000 0.013256990000 0.012069800000 0.000000000000
