10
7 0.000000000000 0.010528040000 0.010528040000 0.016221520000 0.016221520000 0.016221520000 0.016221520000 0.016221520000 0.016221520000 0.016221520000
3 0.010528040000 0.000000000000 0.006666660000 0.016221520000 0.016221520000 0.016221520000 0.016221520000 0.016221520000 0.016221520000 0.016221520000
5 0.010528040000 0.006666660000 0.000000000000 0.016221520000 0.016221520000 0.016221520000 0.016221520000 0.016221520000 0.016221520000 0.016221520000
1 0.016221520000 0.016221520000 0.016221520000 0.000000000000 0.003598180000 0.007367800000 0.007367800000 0.012959680000 0.012959680000 0.012959680000
2 0.016221520000 0.016221520000 0.016221520000 0.003598180000 0.000000000000 0.007367800000 0.007367800000 0.012959680000 0.012959680000 0.012959680000
4 0.016221520000 0.016221520000 0.016221520000 0.007367800000 0.007367800000 0.000000000000 0.006682420000 0.012959680000 0.012959680000 0.012959680000
6 0.016221520000 0.016221520000 0.016221520000 0.007367800000 0.007367800000 0.006682420000 0.000000000000 0.012959680000 0.012959680000 0.012959680000
10 0.016221520000 0.016221520000 0.016221520000 0.012959680000 0.012959680000 0.012959680000 0.012959680000 0.000000000000 0.007401660000 0.011632760000
9 0.016221520000 0.016221520000 0.016221520000 0.012959680000 0.012959680000 0.012959680000 0.012959680000 0.007401660000 0.000000000000 0.011632760000
8 0.016221520000 0.016221520000 0.016221520000 0.012959680000 0.012959680000 0.012959680000 0.012959680000 0.011632760000 0.011632760000 0.000000000000
