10
5 0.000000000000 0.000484260000 0.013463250000 0.013463250000 0.014273560000 0.015221760000 0.015221770000 0.015221770000 0.015221760000 0.015221760000
3 0.000484260000 0.000000000000 0.013463250000 0.013463250000 0.014273560000 0.015221760000 0.015221770000 0.015221770000 0.015221760000 0.015221760000
7 0.013463250000 0.013463250000 0.000000000000 0.012094280000 0.014273570000 0.015221770000 0.015221780000 0.015221780000 0.015221770000 0.015221770000
10 0.013463250000 0.013463250000 0.012094280000 0.000000000000 0.014273570000 0.015221770000 0.015221780000 0.015221780000 0.015221770000 0.015221770000
8 0.014273560000 0.014273560000 0.014273570000 0.014273570000 0.000000000000 0.015221760000 0.015221770000 0.015221770000 0.015221760000 0.015221760000
9 0.015221760000 0.015221760000 0.015221770000 0.015221770000 0.015221760000 0.000000000000 0.013012870000 0.013012870000 0.013012860000 0.013012860000
2 0.015221770000 0.015221770000 0.015221780000 0.015221780000 0.015221770000 0.013012870000 0.000000000000 0.002412460000 0.005463850000 0.006503570000
6 0.015221770000 0.015221770000 0.015221780000 0.015221780000 0.015221770000 0.013012870000 0.002412460000 0.000000000000 0.005463850000 0.006503570000
4 0.015221760000 0.015221760000 0.015221770000 0.015221770000 0.015221760000 0.013012860000 0.005463850000 0.005463850000 0.000000000000 0.006503560000
1 0.015221760000 0.015221760000 0.015221770000 0.015221770000 0.015221760000 0.013012860000 0.006503570000 0.006503570000 0.006503560000 0.000000000000
