10
7 0.000000000000 0.012652280000 0.012652280000 0.012652280000 0.012652280000 0.017426540000 0.017426540000 0.017426540000 0.017426540000 0.017426540000
4 0.012652280000 0.000000000000 0.007140480000 0.007140480000 0.007140480000 0.017426540000 0.017426540000 0.017426540000 0.017426540000 0.017426540000
1 0.012652280000 0.007140480000 0.000000000000 0.003275480000 0.003275480000 0.017426540000 0.017426540000 0.017426540000 0.017426540000 0.017426540000
2 0.012652280000 0.007140480000 0.003275480000 0.000000000000 0.001325300000 0.017426540000 0.017426540000 0.017426540000 0.017426540000 0.017426540000
6 0.012652280000 0.007140480000 0.003275480000 0.001325300000 0.000000000000 0.017426540000 0.017426540000 0.017426540000 0.017426540000 0.017426540000
5 0.017426540000 0.017426540000 0.017426540000 0.017426540000 0.017426540000 0.000000000000 0.002282440000 0.012334920000 0.012334920000 0.012334920000
3 0.017426540000 0.017426540000 0.017426540000 0.017426540000 0.017426540000 0.002282440000 0.000000000000 0.012334920000 0.012334920000 0.012334920000
10 0.017426540000 0.017426540000 0.017426540000 0.017426540000 0.017426540000 0.012334920000 0.012334920000 0.000000000000 0.007762780000 0.012016520000
9 0.017426540000 0.017426540000 0.017426540000 0.017426540000 0.017426540000 0.012334920000 0.012334920000 0.007762780000 0.000000000000 0.012016520000
8 0.017426540000 0.017426540000 0.017426540000 0.017426540000 0.017426540000 0.012334920000 0.012334920000 0.012016520000 0.012016520000 0.000000000000
