10
9 0.000000000000 0.010854580000 0.018247520000 0.018247520000 0.018247520000 0.018247520000 0.018247520000 0.018247520000 0.018247520000 0.018247520000
10 0.010854580000 0.000000000000 0.018247520000 0.018247520000 0.018247520000 0.018247520000 0.018247520000 0.018247520000 0.018247520000 0.018247520000
4 0.018247520000 0.018247520000 0.000000000000 0.007341280000 0.007341280000 0.007341280000 0.012801100000 0.012801100000 0.012801100000 0.012801100000
6 0.018247520000 0.018247520000 0.007341280000 0.000000000000 0.001648880000 0.002269220000 0.012801100000 0.012801100000 0.012801100000 0.012801100000
2 0.018247520000 0.018247520000 0.007341280000 0.001648880000 0.000000000000 0.002269220000 0.012801100000 0.012801100000 0.012801100000 0.012801100000
1 0.018247520000 0.018247520000 0.007341280000 0.002269220000 0.002269220000 0.000000000000 0.012801100000 0.012801100000 0.012801100000 0.012801100000
8 0.018247520000 0.018247520000 0.012801100000 0.012801100000 0.012801100000 0.012801100000 0.000000000000 0.012036980000 0.012036980000 0.012036980000
7 0.018247520000 0.018247520000 0.012801100000 0.012801100000 0.012801100000 0.012801100000 0.012036980000 0.000000000000 0.011018220000 0.011018220000
5 0.018247520000 0.018247520000 0.012801100000 0.012801100000 0.012801100000 0.012801100000 0.012036980000 0.011018220000 0.000000000000 0.003102880000
3 0.018247520000 0.018247520000 0.012801100000 0.012801100000 0.012801100000 0.012801100000 0.012036980000 0.011018220000 0.003102880000 0.000000000000
