10
3 0.000000000000 0.013074460000 0.013074460000 0.015454660000 0.015454660000 0.015454670000 0.015454670000 0.015454660000 0.015454670000 0.015454670000
5 0.013074460000 0.000000000000 0.010825520000 0.015454660000 0.015454660000 0.015454670000 0.015454670000 0.015454660000 0.015454670000 0.015454670000
7 0.013074460000 0.010825520000 0.000000000000 0.015454660000 0.015454660000 0.015454670000 0.015454670000 0.015454660000 0.015454670000 0.015454670000
8 0.015454660000 0.015454660000 0.015454660000 0.000000000000 0.011994460000 0.011994470000 0.011994470000 0.015239160000 0.015239170000 0.015239170000
4 0.015454660000 0.015454660000 0.015454660000 0.011994460000 0.000000000000 0.011931790000 0.011931790000 0.015239160000 0.015239170000 0.015239170000
10 0.015454670000 0.015454670000 0.015454670000 0.011994470000 0.011931790000 0.000000000000 0.007516680000 0.015239170000 0.015239180000 0.015239180000
9 0.015454670000 0.015454670000 0.015454670000 0.011994470000 0.011931790000 0.007516680000 0.000000000000 0.015239170000 0.015239180000 0.015239180000
1 0.015454660000 0.015454660000 0.015454660000 0.015239160000 0.015239160000 0.015239170000 0.015239170000 0.000000000000 0.008728390000 0.008728390000
2 0.015454670000 0.015454670000 0.015454670000 0.015239170000 0.015239170000 0.015239180000 0.015239180000 0.008728390000 0.000000000000 0.004349080000
6 0.015454670000 0.015454670000 0.015454670000 0.015239170000 0.015239170000 0.015239180000 0.015239180000 0.008728390000 0.004349080000 0.000000000000
