10
2 0.000000000000 0.002865560000 0.012927600000 0.012927600000 0.012927600000 0.012927600000 0.012927600000 0.017850410000 0.017850410000 0.017850410000
6 0.002865560000 0.000000000000 0.012927600000 0.012927600000 0.012927600000 0.012927600000 0.012927600000 0.017850410000 0.017850410000 0.017850410000
7 0.012927600000 0.012927600000 0.000000000000 0.011973460000 0.011973460000 0.011973460000 0.011973460000 0.017850410000 0.017850410000 0.017850410000
5 0.012927600000 0.012927600000 0.011973460000 0.000000000000 0.000746460000 0.011886740000 0.011886740000 0.017850410000 0.017850410000 0.017850410000
3 0.012927600000 0.012927600000 0.011973460000 0.000746460000 0.000000000000 0.011886740000 0.011886740000 0.017850410000 0.017850410000 0.017850410000
1 0.012927600000 0.012927600000 0.011973460000 0.011886740000 0.011886740000 0.000000000000 0.007267180000 0.017850410000 0.017850410000 0.017850410000
4 0.012927600000 0.012927600000 0.011973460000 0.011886740000 0.011886740000 0.007267180000 0.000000000000 0.017850410000 0.017850410000 0.017850410000
10 0.017850410000 0.017850410000 0.017850410000 0.017850410000 0.017850410000 0.017850410000 0.017850410000 0.000000000000 0.009997060000 0.013747360000
9 0.017850410000 0.017850410000 0.017850410000 0.017850410000 0.017850410000 0.017850410000 0.017850410000 0.009997060000 0.000000000000 0.013747360000
8 0.017850410000 0.017850410000 0.017850410000 0.017850410000 0.017850410000 0.017850410000 0.017850410000 0.013747360000 0.013747360000 0.000000000000
