10
7 0.000000000000 0.012123160000 0.013149380000 0.024314010000 0.024314010000 0.024314010000 0.024314010000 0.024314010000 0.024314010000 0.024314010000
10 0.012123160000 0.000000000000 0.013149380000 0.024314010000 0.024314010000 0.024314010000 0.024314010000 0.024314010000 0.024314010000 0.024314010000
9 0.013149380000 0.013149380000 0.000000000000 0.024314010000 0.024314010000 0.024314010000 0.024314010000 0.024314010000 0.024314010000 0.024314010000
5 0.024314010000 0.024314010000 0.024314010000 0.000000000000 0.011345860000 0.011824860000 0.011824860000 0.011824860000 0.022656180000 0.022656180000
3 0.024314010000 0.024314010000 0.024314010000 0.011345860000 0.000000000000 0.011824860000 0.011824860000 0.011824860000 0.022656180000 0.022656180000
4 0.024314010000 0.024314010000 0.024314010000 0.011824860000 0.011824860000 0.000000000000 0.006806580000 0.006806580000 0.022656180000 0.022656180000
6 0.024314010000 0.024314010000 0.024314010000 0.011824860000 0.011824860000 0.006806580000 0.000000000000 0.004065080000 0.022656180000 0.022656180000
1 0.024314010000 0.024314010000 0.024314010000 0.011824860000 0.011824860000 0.006806580000 0.004065080000 0.000000000000 0.022656180000 0.022656180000
8 0.024314010000 0.024314010000 0.024314010000 0.022656180000 0.022656180000 0.022656180000 0.022656180000 0.022656180000 0.000000000000 0.012094420000
2 0.024314010000 0.024314010000 0.024314010000 0.022656180000 0.022656180000 0.022656180000 0.022656180000 0.022656180000 0.012094420000 0.000000000000
