10
9 0.000000000000 0.017063080000 0.017063080000 0.017063080000 0.017063090000 0.017063090000 0.017063080000 0.017063080000 0.017063080000 0.017063080000
10 0.017063080000 0.000000000000 0.015891940000 0.015891940000 0.015891950000 0.015891950000 0.016777940000 0.016777940000 0.016777940000 0.016777940000
2 0.017063080000 0.015891940000 0.000000000000 0.003496880000 0.005610170000 0.005610170000 0.016777940000 0.016777940000 0.016777940000 0.016777940000
4 0.017063080000 0.015891940000 0.003496880000 0.000000000000 0.005610170000 0.005610170000 0.016777940000 0.016777940000 0.016777940000 0.016777940000
6 0.017063090000 0.015891950000 0.005610170000 0.005610170000 0.000000000000 0.002263400000 0.016777950000 0.016777950000 0.016777950000 0.016777950000
1 0.017063090000 0.015891950000 0.005610170000 0.005610170000 0.002263400000 0.000000000000 0.016777950000 0.016777950000 0.016777950000 0.016777950000
5 0.017063080000 0.016777940000 0.016777940000 0.016777940000 0.016777950000 0.016777950000 0.000000000000 0.005647640000 0.015093180000 0.015093180000
3 0.017063080000 0.016777940000 0.016777940000 0.016777940000 0.016777950000 0.016777950000 0.005647640000 0.000000000000 0.015093180000 0.015093180000
8 0.017063080000 0.016777940000 0.016777940000 0.016777940000 0.016777950000 0.016777950000 0.015093180000 0.015093180000 0.000000000000 0.012226180000
7 0.017063080000 0.016777940000 0.016777940000 0.016777940000 0.016777950000 0.016777950000 0.015093180000 0.015093180000 0.012226180000 0.000000000000
