10
10 0.000000000000 0.010401440000 0.012224610000 0.012224610000 0.012224610000 0.012495060000 0.014754460000 0.014754460000 0.014754460000 0.014754460000
9 0.010401440000 0.000000000000 0.012224610000 0.012224610000 0.012224610000 0.012495060000 0.014754460000 0.014754460000 0.014754460000 0.014754460000
5 0.012224610000 0.012224610000 0.000000000000 0.009654500000 0.009699200000 0.012495070000 0.014754470000 0.014754470000 0.014754470000 0.014754470000
7 0.012224610000 0.012224610000 0.009654500000 0.000000000000 0.009699200000 0.012495070000 0.014754470000 0.014754470000 0.014754470000 0.014754470000
3 0.012224610000 0.012224610000 0.009699200000 0.009699200000 0.000000000000 0.012495070000 0.014754470000 0.014754470000 0.014754470000 0.014754470000
8 0.012495060000 0.012495060000 0.012495070000 0.012495070000 0.012495070000 0.000000000000 0.014754460000 0.014754460000 0.014754460000 0.014754460000
4 0.014754460000 0.014754460000 0.014754470000 0.014754470000 0.014754470000 0.014754460000 0.000000000000 0.006436260000 0.006436260000 0.006436260000
1 0.014754460000 0.014754460000 0.014754470000 0.014754470000 0.014754470000 0.014754460000 0.006436260000 0.000000000000 0.004062120000 0.004062120000
6 0.014754460000 0.014754460000 0.014754470000 0.014754470000 0.014754470000 0.014754460000 0.006436260000 0.004062120000 0.000000000000 0.002137900000
2 0.014754460000 0.014754460000 0.014754470000 0.014754470000 0.014754470000 0.014754460000 0.006436260000 0.004062120000 0.002137900000 0.000000000000
