10
10 0.000000000000 0.012250880000 0.023169020000 0.023169020000 0.023169030000 0.023169030000 0.023169030000 0.023169040000 0.023169040000 0.023169030000
8 0.012250880000 0.000000000000 0.023169020000 0.023169020000 0.023169030000 0.023169030000 0.023169030000 0.023169040000 0.023169040000 0.023169030000
3 0.023169020000 0.023169020000 0.000000000000 0.003604080000 0.011117430000 0.012779010000 0.012779010000 0.012779020000 0.012779020000 0.016874270000
5 0.023169020000 0.023169020000 0.003604080000 0.000000000000 0.011117430000 0.012779010000 0.012779010000 0.012779020000 0.012779020000 0.016874270000
7 0.023169030000 0.023169030000 0.011117430000 0.011117430000 0.000000000000 0.012779020000 0.012779020000 0.012779030000 0.012779030000 0.016874280000
4 0.023169030000 0.023169030000 0.012779010000 0.012779010000 0.012779020000 0.000000000000 0.006282500000 0.006282510000 0.006282510000 0.016874280000
6 0.023169030000 0.023169030000 0.012779010000 0.012779010000 0.012779020000 0.006282500000 0.000000000000 0.004146510000 0.004146510000 0.016874280000
2 0.023169040000 0.023169040000 0.012779020000 0.012779020000 0.012779030000 0.006282510000 0.004146510000 0.000000000000 0.002224100000 0.016874290000
1 0.023169040000 0.023169040000 0.012779020000 0.012779020000 0.012779030000 0.006282510000 0.004146510000 0.002224100000 0.000000000000 0.016874290000
9 0.023169030000 0.023169030000 0.016874270000 0.016874270000 0.016874280000 0.016874280000 0.016874280000 0.016874290000 0.016874290000 0.000000000000
