10
8 0.000000000000 0.012778880000 0.012778880000 0.012778870000 0.012778880000 0.012931260000 0.012931260000 0.012989300000 0.012989300000 0.012989300000
1 0.012778880000 0.000000000000 0.002834440000 0.003113110000 0.006098420000 0.012931260000 0.012931260000 0.012989300000 0.012989300000 0.012989300000
2 0.012778880000 0.002834440000 0.000000000000 0.003113110000 0.006098420000 0.012931260000 0.012931260000 0.012989300000 0.012989300000 0.012989300000
4 0.012778870000 0.003113110000 0.003113110000 0.000000000000 0.006098410000 0.012931250000 0.012931250000 0.012989290000 0.012989290000 0.012989290000
6 0.012778880000 0.006098420000 0.006098420000 0.006098410000 0.000000000000 0.012931260000 0.012931260000 0.012989300000 0.012989300000 0.012989300000
3 0.012931260000 0.012931260000 0.012931260000 0.012931250000 0.012931260000 0.000000000000 0.011236260000 0.012989300000 0.012989300000 0.012989300000
5 0.012931260000 0.012931260000 0.012931260000 0.012931250000 0.012931260000 0.011236260000 0.000000000000 0.012989300000 0.012989300000 0.012989300000
7 0.012989300000 0.012989300000 0.012989300000 0.012989290000 0.012989300000 0.012989300000 0.012989300000 0.000000000000 0.012953120000 0.012953120000
9 0.012989300000 0.012989300000 0.012989300000 0.012989290000 0.012989300000 0.012989300000 0.012989300000 0.012953120000 0.000000000000 0.007668500000
10 0.012989300000 0.012989300000 0.012989300000 0.012989290000 0.012989300000 0.012989300000 0.012989300000 0.012953120000 0.007668500000 0.000000000000
