10
9 0.000000000000 0.008188260000 0.012155170000 0.017828120000 0.017828110000 0.017828110000 0.017828110000 0.017828120000 0.017828120000 0.022062960000
10 0.008188260000 0.000000000000 0.012155170000 0.017828120000 0.017828110000 0.017828110000 0.017828110000 0.017828120000 0.017828120000 0.022062960000
7 0.012155170000 0.012155170000 0.000000000000 0.017828110000 0.017828100000 0.017828100000 0.017828100000 0.017828110000 0.017828110000 0.022062950000
1 0.017828120000 0.017828120000 0.017828110000 0.000000000000 0.006801150000 0.006801150000 0.006801150000 0.015222000000 0.015222000000 0.022062960000
4 0.017828110000 0.017828110000 0.017828100000 0.006801150000 0.000000000000 0.004701620000 0.004701620000 0.015221990000 0.015221990000 0.022062950000
2 0.017828110000 0.017828110000 0.017828100000 0.006801150000 0.004701620000 0.000000000000 0.002623460000 0.015221990000 0.015221990000 0.022062950000
6 0.017828110000 0.017828110000 0.017828100000 0.006801150000 0.004701620000 0.002623460000 0.000000000000 0.015221990000 0.015221990000 0.022062950000
5 0.017828120000 0.017828120000 0.017828110000 0.015222000000 0.015221990000 0.015221990000 0.015221990000 0.000000000000 0.001936580000 0.022062960000
3 0.017828120000 0.017828120000 0.017828110000 0.015222000000 0.015221990000 0.015221990000 0.015221990000 0.001936580000 0.000000000000 0.022062960000
8 0.022062960000 0.022062960000 0.022062950000 0.022062960000 0.022062950000 0.022062950000 0.022062950000 0.022062960000 0.022062960000 0.000000000000
