10
10 0.000000000000 0.012034080000 0.014843390000 0.014843380000 0.014843380000 0.014843380000 0.018241420000 0.018241430000 0.018241430000 0.018241430000
8 0.012034080000 0.000000000000 0.014843390000 0.014843380000 0.014843380000 0.014843380000 0.018241420000 0.018241430000 0.018241430000 0.018241430000
6 0.014843390000 0.014843390000 0.000000000000 0.005656250000 0.005656250000 0.007059230000 0.018241430000 0.018241440000 0.018241440000 0.018241440000
1 0.014843380000 0.014843380000 0.005656250000 0.000000000000 0.003823600000 0.007059220000 0.018241420000 0.018241430000 0.018241430000 0.018241430000
2 0.014843380000 0.014843380000 0.005656250000 0.003823600000 0.000000000000 0.007059220000 0.018241420000 0.018241430000 0.018241430000 0.018241430000
4 0.014843380000 0.014843380000 0.007059230000 0.007059220000 0.007059220000 0.000000000000 0.018241420000 0.018241430000 0.018241430000 0.018241430000
9 0.018241420000 0.018241420000 0.018241430000 0.018241420000 0.018241420000 0.018241420000 0.000000000000 0.014844610000 0.014844610000 0.014844610000
5 0.018241430000 0.018241430000 0.018241440000 0.018241430000 0.018241430000 0.018241430000 0.014844610000 0.000000000000 0.005248440000 0.009729440000
3 0.018241430000 0.018241430000 0.018241440000 0.018241430000 0.018241430000 0.018241430000 0.014844610000 0.005248440000 0.000000000000 0.009729440000
7 0.018241430000 0.018241430000 0.018241440000 0.018241430000 0.018241430000 0.018241430000 0.014844610000 0.009729440000 0.009729440000 0.000000000000
