10
3 0.000000000000 0.003797200000 0.015953970000 0.015953970000 0.015953970000 0.015953970000 0.015953970000 0.015953970000 0.020698840000 0.020698840000
5 0.003797200000 0.000000000000 0.015953970000 0.015953970000 0.015953970000 0.015953970000 0.015953970000 0.015953970000 0.020698840000 0.020698840000
4 0.015953970000 0.015953970000 0.000000000000 0.003484740000 0.003484740000 0.006121640000 0.013692300000 0.015171720000 0.020698850000 0.020698850000
2 0.015953970000 0.015953970000 0.003484740000 0.000000000000 0.002619220000 0.006121640000 0.013692300000 0.015171720000 0.020698850000 0.020698850000
1 0.015953970000 0.015953970000 0.003484740000 0.002619220000 0.000000000000 0.006121640000 0.013692300000 0.015171720000 0.020698850000 0.020698850000
6 0.015953970000 0.015953970000 0.006121640000 0.006121640000 0.006121640000 0.000000000000 0.013692300000 0.015171720000 0.020698850000 0.020698850000
7 0.015953970000 0.015953970000 0.013692300000 0.013692300000 0.013692300000 0.013692300000 0.000000000000 0.015171720000 0.020698850000 0.020698850000
8 0.015953970000 0.015953970000 0.015171720000 0.015171720000 0.015171720000 0.015171720000 0.015171720000 0.000000000000 0.020698850000 0.020698850000
9 0.020698840000 0.020698840000 0.020698850000 0.020698850000 0.020698850000 0.020698850000 0.020698850000 0.020698850000 0.000000000000 0.010691420000
10 0.020698840000 0.020698840000 0.020698850000 0.020698850000 0.020698850000 0.020698850000 0.020698850000 0.020698850000 0.010691420000 0.000000000000
