10
6 0.000000000000 0.003606130000 0.003606130000 0.004944520000 0.027436010000 0.027436010000 0.027436010000 0.027436010000 0.027436010000 0.027436010000
2 0.003606130000 0.000000000000 0.003378220000 0.004944530000 0.027436020000 0.027436020000 0.027436020000 0.027436020000 0.027436020000 0.027436020000
4 0.003606130000 0.003378220000 0.000000000000 0.004944530000 0.027436020000 0.027436020000 0.027436020000 0.027436020000 0.027436020000 0.027436020000
1 0.004944520000 0.004944530000 0.004944530000 0.000000000000 0.027436010000 0.027436010000 0.027436010000 0.027436010000 0.027436010000 0.027436010000
8 0.027436010000 0.027436020000 0.027436020000 0.027436010000 0.000000000000 0.016046280000 0.016046280000 0.016046280000 0.016046280000 0.016046280000
10 0.027436010000 0.027436020000 0.027436020000 0.027436010000 0.016046280000 0.000000000000 0.009978340000 0.012532740000 0.012532740000 0.012532740000
9 0.027436010000 0.027436020000 0.027436020000 0.027436010000 0.016046280000 0.009978340000 0.000000000000 0.012532740000 0.012532740000 0.012532740000
5 0.027436010000 0.027436020000 0.027436020000 0.027436010000 0.016046280000 0.012532740000 0.012532740000 0.000000000000 0.008858020000 0.011986320000
3 0.027436010000 0.027436020000 0.027436020000 0.027436010000 0.016046280000 0.012532740000 0.012532740000 0.008858020000 0.000000000000 0.011986320000
7 0.027436010000 0.027436020000 0.027436020000 0.027436010000 0.016046280000 0.012532740000 0.012532740000 0.011986320000 0.011986320000 0.000000000000
