10
6 0.000000000000 0.001063300000 0.002879660000 0.004374910000 0.014544540000 0.014544540000 0.014544540000 0.014544540000 0.014544540000 0.014544540000
2 0.001063300000 0.000000000000 0.002879660000 0.004374910000 0.014544540000 0.014544540000 0.014544540000 0.014544540000 0.014544540000 0.014544540000
1 0.002879660000 0.002879660000 0.000000000000 0.004374910000 0.014544540000 0.014544540000 0.014544540000 0.014544540000 0.014544540000 0.014544540000
4 0.004374910000 0.004374910000 0.004374910000 0.000000000000 0.014544550000 0.014544550000 0.014544550000 0.014544550000 0.014544550000 0.014544550000
10 0.014544540000 0.014544540000 0.014544540000 0.014544550000 0.000000000000 0.012619260000 0.014104760000 0.014104760000 0.014104760000 0.014104760000
8 0.014544540000 0.014544540000 0.014544540000 0.014544550000 0.012619260000 0.000000000000 0.014104760000 0.014104760000 0.014104760000 0.014104760000
7 0.014544540000 0.014544540000 0.014544540000 0.014544550000 0.014104760000 0.014104760000 0.000000000000 0.011788860000 0.011788860000 0.014087940000
5 0.014544540000 0.014544540000 0.014544540000 0.014544550000 0.014104760000 0.014104760000 0.011788860000 0.000000000000 0.003309640000 0.014087940000
3 0.014544540000 0.014544540000 0.014544540000 0.014544550000 0.014104760000 0.014104760000 0.011788860000 0.003309640000 0.000000000000 0.014087940000
9 0.014544540000 0.014544540000 0.014544540000 0.014544550000 0.014104760000 0.014104760000 0.014087940000 0.014087940000 0.014087940000 0.000000000000
