10
9 0.000000000000 0.015505940000 0.015505940000 0.020838970000 0.020838970000 0.020838970000 0.020838970000 0.020838970000 0.020838970000 0.020838970000
5 0.015505940000 0.000000000000 0.005170660000 0.020838970000 0.020838970000 0.020838970000 0.020838970000 0.020838970000 0.020838970000 0.020838970000
3 0.015505940000 0.005170660000 0.000000000000 0.020838970000 0.020838970000 0.020838970000 0.020838970000 0.020838970000 0.020838970000 0.020838970000
4 0.020838970000 0.020838970000 0.020838970000 0.000000000000 0.007007920000 0.007007920000 0.007007920000 0.014143160000 0.014143160000 0.018885000000
6 0.020838970000 0.020838970000 0.020838970000 0.007007920000 0.000000000000 0.001542840000 0.002530880000 0.014143160000 0.014143160000 0.018885000000
2 0.020838970000 0.020838970000 0.020838970000 0.007007920000 0.001542840000 0.000000000000 0.002530880000 0.014143160000 0.014143160000 0.018885000000
1 0.020838970000 0.020838970000 0.020838970000 0.007007920000 0.002530880000 0.002530880000 0.000000000000 0.014143160000 0.014143160000 0.018885000000
10 0.020838970000 0.020838970000 0.020838970000 0.014143160000 0.014143160000 0.014143160000 0.014143160000 0.000000000000 0.013083020000 0.018885000000
7 0.020838970000 0.020838970000 0.020838970000 0.014143160000 0.014143160000 0.014143160000 0.014143160000 0.013083020000 0.000000000000 0.018885000000
8 0.020838970000 0.020838970000 0.020838970000 0.018885000000 0.018885000000 0.018885000000 0.018885000000 0.018885000000 0.018885000000 0.000000000000
