10
9 0.000000000000 0.010687040000 0.013205730000 0.013205730000 0.013205730000 0.013205730000 0.013205740000 0.018648750000 0.018648750000 0.018648750000
10 0.010687040000 0.000000000000 0.013205730000 0.013205730000 0.013205730000 0.013205730000 0.013205740000 0.018648750000 0.018648750000 0.018648750000
1 0.013205730000 0.013205730000 0.000000000000 0.007451200000 0.007451200000 0.007451200000 0.012104730000 0.018648740000 0.018648740000 0.018648740000
2 0.013205730000 0.013205730000 0.007451200000 0.000000000000 0.002577160000 0.003129960000 0.012104730000 0.018648740000 0.018648740000 0.018648740000
6 0.013205730000 0.013205730000 0.007451200000 0.002577160000 0.000000000000 0.003129960000 0.012104730000 0.018648740000 0.018648740000 0.018648740000
4 0.013205730000 0.013205730000 0.007451200000 0.003129960000 0.003129960000 0.000000000000 0.012104730000 0.018648740000 0.018648740000 0.018648740000
8 0.013205740000 0.013205740000 0.012104730000 0.012104730000 0.012104730000 0.012104730000 0.000000000000 0.018648750000 0.018648750000 0.018648750000
3 0.018648750000 0.018648750000 0.018648740000 0.018648740000 0.018648740000 0.018648740000 0.018648750000 0.000000000000 0.001674680000 0.010932420000
5 0.018648750000 0.018648750000 0.018648740000 0.018648740000 0.018648740000 0.018648740000 0.018648750000 0.001674680000 0.000000000000 0.010932420000
7 0.018648750000 0.018648750000 0.018648740000 0.018648740000 0.018648740000 0.018648740000 0.018648750000 0.010932420000 0.010932420000 0.000000000000
