10
2 0.000000000000 0.003980860000 0.003980860000 0.003980860000 0.015201420000 0.015201420000 0.015201430000 0.015201430000 0.015201430000 0.015201430000
4 0.003980860000 0.000000000000 0.003277300000 0.003277300000 0.015201420000 0.015201420000 0.015201430000 0.015201430000 0.015201430000 0.015201430000
6 0.003980860000 0.003277300000 0.000000000000 0.002713520000 0.015201420000 0.015201420000 0.015201430000 0.015201430000 0.015201430000 0.015201430000
1 0.003980860000 0.003277300000 0.002713520000 0.000000000000 0.015201420000 0.015201420000 0.015201430000 0.015201430000 0.015201430000 0.015201430000
8 0.015201420000 0.015201420000 0.015201420000 0.015201420000 0.000000000000 0.011941980000 0.014224850000 0.014224850000 0.014224850000 0.014224850000
9 0.015201420000 0.015201420000 0.015201420000 0.015201420000 0.011941980000 0.000000000000 0.014224850000 0.014224850000 0.014224850000 0.014224850000
7 0.015201430000 0.015201430000 0.015201430000 0.015201430000 0.014224850000 0.014224850000 0.000000000000 0.010136840000 0.010136840000 0.012696100000
5 0.015201430000 0.015201430000 0.015201430000 0.015201430000 0.014224850000 0.014224850000 0.010136840000 0.000000000000 0.001767140000 0.012696100000
3 0.015201430000 0.015201430000 0.015201430000 0.015201430000 0.014224850000 0.014224850000 0.010136840000 0.001767140000 0.000000000000 0.012696100000
10 0.015201430000 0.015201430000 0.015201430000 0.015201430000 0.014224850000 0.014224850000 0.012696100000 0.012696100000 0.012696100000 0.000000000000
