10
9 0.000000000000 0.008259240000 0.021403120000 0.021403110000 0.021403120000 0.021403120000 0.021403110000 0.023888450000 0.023888450000 0.023888460000
10 0.008259240000 0.000000000000 0.021403120000 0.021403110000 0.021403120000 0.021403120000 0.021403110000 0.023888450000 0.023888450000 0.023888460000
2 0.021403120000 0.021403120000 0.000000000000 0.006829410000 0.006829420000 0.006829420000 0.011902790000 0.023888450000 0.023888450000 0.023888460000
4 0.021403110000 0.021403110000 0.006829410000 0.000000000000 0.006454090000 0.006454090000 0.011902780000 0.023888440000 0.023888440000 0.023888450000
1 0.021403120000 0.021403120000 0.006829420000 0.006454090000 0.000000000000 0.003206380000 0.011902790000 0.023888450000 0.023888450000 0.023888460000
6 0.021403120000 0.021403120000 0.006829420000 0.006454090000 0.003206380000 0.000000000000 0.011902790000 0.023888450000 0.023888450000 0.023888460000
8 0.021403110000 0.021403110000 0.011902790000 0.011902780000 0.011902790000 0.011902790000 0.000000000000 0.023888440000 0.023888440000 0.023888450000
7 0.023888450000 0.023888450000 0.023888450000 0.023888440000 0.023888450000 0.023888450000 0.023888440000 0.000000000000 0.009626060000 0.017430330000
3 0.023888450000 0.023888450000 0.023888450000 0.023888440000 0.023888450000 0.023888450000 0.023888440000 0.009626060000 0.000000000000 0.017430330000
5 0.023888460000 0.023888460000 0.023888460000 0.023888450000 0.023888460000 0.023888460000 0.023888450000 0.017430330000 0.017430330000 0.000000000000
