10
3 0.000000000000 0.001917080000 0.010009890000 0.013535030000 0.014284010000 0.021799010000 0.021799010000 0.021799010000 0.021799010000 0.021799010000
5 0.001917080000 0.000000000000 0.010009890000 0.013535030000 0.014284010000 0.021799010000 0.021799010000 0.021799010000 0.021799010000 0.021799010000
7 0.010009890000 0.010009890000 0.000000000000 0.013535020000 0.014284000000 0.021799000000 0.021799000000 0.021799000000 0.021799000000 0.021799000000
9 0.013535030000 0.013535030000 0.013535020000 0.000000000000 0.014284000000 0.021799000000 0.021799000000 0.021799000000 0.021799000000 0.021799000000
8 0.014284010000 0.014284010000 0.014284000000 0.014284000000 0.000000000000 0.021799000000 0.021799000000 0.021799000000 0.021799000000 0.021799000000
10 0.021799010000 0.021799010000 0.021799000000 0.021799000000 0.021799000000 0.000000000000 0.017211220000 0.017211220000 0.017211220000 0.017211220000
4 0.021799010000 0.021799010000 0.021799000000 0.021799000000 0.021799000000 0.017211220000 0.000000000000 0.006810060000 0.006810060000 0.006810060000
6 0.021799010000 0.021799010000 0.021799000000 0.021799000000 0.021799000000 0.017211220000 0.006810060000 0.000000000000 0.003739880000 0.003739880000
2 0.021799010000 0.021799010000 0.021799000000 0.021799000000 0.021799000000 0.017211220000 0.006810060000 0.003739880000 0.000000000000 0.002243780000
1 0.021799010000 0.021799010000 0.021799000000 0.021799000000 0.021799000000 0.017211220000 0.006810060000 0.003739880000 0.002243780000 0.000000000000
