10
5 0.000000000000 0.006296120000 0.010817440000 0.012687960000 0.012687960000 0.012687960000 0.012687960000 0.012879020000 0.014343000000 0.014343000000
3 0.006296120000 0.000000000000 0.010817440000 0.012687960000 0.012687960000 0.012687960000 0.012687960000 0.012879020000 0.014343000000 0.014343000000
7 0.010817440000 0.010817440000 0.000000000000 0.012687960000 0.012687960000 0.012687960000 0.012687960000 0.012879020000 0.014343000000 0.014343000000
1 0.012687960000 0.012687960000 0.012687960000 0.000000000000 0.006870460000 0.006870460000 0.006870460000 0.012879020000 0.014343000000 0.014343000000
4 0.012687960000 0.012687960000 0.012687960000 0.006870460000 0.000000000000 0.005410060000 0.005410060000 0.012879020000 0.014343000000 0.014343000000
2 0.012687960000 0.012687960000 0.012687960000 0.006870460000 0.005410060000 0.000000000000 0.001197380000 0.012879020000 0.014343000000 0.014343000000
6 0.012687960000 0.012687960000 0.012687960000 0.006870460000 0.005410060000 0.001197380000 0.000000000000 0.012879020000 0.014343000000 0.014343000000
10 0.012879020000 0.012879020000 0.012879020000 0.012879020000 0.012879020000 0.012879020000 0.012879020000 0.000000000000 0.014343000000 0.014343000000
9 0.014343000000 0.014343000000 0.014343000000 0.014343000000 0.014343000000 0.014343000000 0.014343000000 0.014343000000 0.000000000000 0.011843160000
8 0.014343000000 0.014343000000 0.014343000000 0.014343000000 0.014343000000 0.014343000000 0.014343000000 0.014343000000 0.011843160000 0.000000000000
