10
4 0.000000000000 0.011363620000 0.011363620000 0.011363620000 0.133225240000 0.133225240000 0.133225240000 0.248862320000 0.248862320000 0.248862320000
1 0.011363620000 0.000000000000 0.005662700000 0.010047420000 0.133225240000 0.133225240000 0.133225240000 0.248862320000 0.248862320000 0.248862320000
6 0.011363620000 0.005662700000 0.000000000000 0.010047420000 0.133225240000 0.133225240000 0.133225240000 0.248862320000 0.248862320000 0.248862320000
2 0.011363620000 0.010047420000 0.010047420000 0.000000000000 0.133225240000 0.133225240000 0.133225240000 0.248862320000 0.248862320000 0.248862320000
7 0.133225240000 0.133225240000 0.133225240000 0.133225240000 0.000000000000 0.046473600000 0.046473600000 0.248862320000 0.248862320000 0.248862320000
5 0.133225240000 0.133225240000 0.133225240000 0.133225240000 0.046473600000 0.000000000000 0.002459580000 0.248862320000 0.248862320000 0.248862320000
3 0.133225240000 0.133225240000 0.133225240000 0.133225240000 0.046473600000 0.002459580000 0.000000000000 0.248862320000 0.248862320000 0.248862320000
10 0.248862320000 0.248862320000 0.248862320000 0.248862320000 0.248862320000 0.248862320000 0.248862320000 0.000000000000 0.028933100000 0.098337080000
9 0.248862320000 0.248862320000 0.248862320000 0.248862320000 0.248862320000 0.248862320000 0.248862320000 0.028933100000 0.000000000000 0.098337080000
8 0.248862320000 0.248862320000 0.248862320000 0.248862320000 0.248862320000 0.248862320000 0.248862320000 0.098337080000 0.098337080000 0.000000000000
