10
4 0.000000000000 0.008890470000 0.008890470000 0.016073060000 0.146644200000 0.146644190000 0.146644190000 0.247006540000 0.247006540000 0.247006540000
6 0.008890470000 0.000000000000 0.003097760000 0.016073070000 0.146644210000 0.146644200000 0.146644200000 0.247006550000 0.247006550000 0.247006550000
2 0.008890470000 0.003097760000 0.000000000000 0.016073070000 0.146644210000 0.146644200000 0.146644200000 0.247006550000 0.247006550000 0.247006550000
1 0.016073060000 0.016073070000 0.016073070000 0.000000000000 0.146644200000 0.146644190000 0.146644190000 0.247006540000 0.247006540000 0.247006540000
7 0.146644200000 0.146644210000 0.146644210000 0.146644200000 0.000000000000 0.046685070000 0.046685070000 0.247006540000 0.247006540000 0.247006540000
3 0.146644190000 0.146644200000 0.146644200000 0.146644190000 0.046685070000 0.000000000000 0.003613360000 0.247006530000 0.247006530000 0.247006530000
5 0.146644190000 0.146644200000 0.146644200000 0.146644190000 0.046685070000 0.003613360000 0.000000000000 0.247006530000 0.247006530000 0.247006530000
8 0.247006540000 0.247006550000 0.247006550000 0.247006540000 0.247006540000 0.247006530000 0.247006530000 0.000000000000 0.095539840000 0.095539840000
9 0.247006540000 0.247006550000 0.247006550000 0.247006540000 0.247006540000 0.247006530000 0.247006530000 0.095539840000 0.000000000000 0.036892500000
10 0.247006540000 0.247006550000 0.247006550000 0.247006540000 0.247006540000 0.247006530000 0.247006530000 0.095539840000 0.036892500000 0.000000000000
