10
7 0.000000000000 0.048694220000 0.048694220000 0.137787400000 0.137787400000 0.137787400000 0.137787400000 0.239480810000 0.239480810000 0.239480810000
3 0.048694220000 0.000000000000 0.004284580000 0.137787400000 0.137787400000 0.137787400000 0.137787400000 0.239480810000 0.239480810000 0.239480810000
5 0.048694220000 0.004284580000 0.000000000000 0.137787400000 0.137787400000 0.137787400000 0.137787400000 0.239480810000 0.239480810000 0.239480810000
4 0.137787400000 0.137787400000 0.137787400000 0.000000000000 0.012371700000 0.012371700000 0.012371700000 0.239480810000 0.239480810000 0.239480810000
1 0.137787400000 0.137787400000 0.137787400000 0.012371700000 0.000000000000 0.006455380000 0.006455380000 0.239480810000 0.239480810000 0.239480810000
6 0.137787400000 0.137787400000 0.137787400000 0.012371700000 0.006455380000 0.000000000000 0.005033680000 0.239480810000 0.239480810000 0.239480810000
2 0.137787400000 0.137787400000 0.137787400000 0.012371700000 0.006455380000 0.005033680000 0.000000000000 0.239480810000 0.239480810000 0.239480810000
10 0.239480810000 0.239480810000 0.239480810000 0.239480810000 0.239480810000 0.239480810000 0.239480810000 0.000000000000 0.029923620000 0.108269580000
9 0.239480810000 0.239480810000 0.239480810000 0.239480810000 0.239480810000 0.239480810000 0.239480810000 0.029923620000 0.000000000000 0.108269580000
8 0.239480810000 0.239480810000 0.239480810000 0.239480810000 0.239480810000 0.239480810000 0.239480810000 0.108269580000 0.108269580000 0.000000000000
