10
2 0.000000000000 0.003867980000 0.020839620000 0.020839620000 0.141809110000 0.141809110000 0.141809110000 0.239089380000 0.239089380000 0.239089380000
6 0.003867980000 0.000000000000 0.020839620000 0.020839620000 0.141809110000 0.141809110000 0.141809110000 0.239089380000 0.239089380000 0.239089380000
4 0.020839620000 0.020839620000 0.000000000000 0.011288340000 0.141809110000 0.141809110000 0.141809110000 0.239089380000 0.239089380000 0.239089380000
1 0.020839620000 0.020839620000 0.011288340000 0.000000000000 0.141809110000 0.141809110000 0.141809110000 0.239089380000 0.239089380000 0.239089380000
7 0.141809110000 0.141809110000 0.141809110000 0.141809110000 0.000000000000 0.046471040000 0.046471040000 0.239089390000 0.239089390000 0.239089390000
5 0.141809110000 0.141809110000 0.141809110000 0.141809110000 0.046471040000 0.000000000000 0.005947640000 0.239089390000 0.239089390000 0.239089390000
3 0.141809110000 0.141809110000 0.141809110000 0.141809110000 0.046471040000 0.005947640000 0.000000000000 0.239089390000 0.239089390000 0.239089390000
8 0.239089380000 0.239089380000 0.239089380000 0.239089380000 0.239089390000 0.239089390000 0.239089390000 0.000000000000 0.100373560000 0.100373560000
9 0.239089380000 0.239089380000 0.239089380000 0.239089380000 0.239089390000 0.239089390000 0.239089390000 0.100373560000 0.000000000000 0.028402280000
10 0.239089380000 0.239089380000 0.239089380000 0.239089380000 0.239089390000 0.239089390000 0.239089390000 0.100373560000 0.028402280000 0.000000000000
