10
8 0.000000000000 0.099598190000 0.099598190000 0.238002320000 0.238002320000 0.238002320000 0.238002320000 0.238002310000 0.238002310000 0.238002310000
10 0.099598190000 0.000000000000 0.028094980000 0.238002310000 0.238002310000 0.238002310000 0.238002310000 0.238002300000 0.238002300000 0.238002300000
9 0.099598190000 0.028094980000 0.000000000000 0.238002310000 0.238002310000 0.238002310000 0.238002310000 0.238002300000 0.238002300000 0.238002300000
4 0.238002320000 0.238002310000 0.238002310000 0.000000000000 0.010076780000 0.010076780000 0.010076780000 0.161123390000 0.161123390000 0.161123390000
1 0.238002320000 0.238002310000 0.238002310000 0.010076780000 0.000000000000 0.006416120000 0.006416120000 0.161123390000 0.161123390000 0.161123390000
6 0.238002320000 0.238002310000 0.238002310000 0.010076780000 0.006416120000 0.000000000000 0.006380740000 0.161123390000 0.161123390000 0.161123390000
2 0.238002320000 0.238002310000 0.238002310000 0.010076780000 0.006416120000 0.006380740000 0.000000000000 0.161123390000 0.161123390000 0.161123390000
7 0.238002310000 0.238002300000 0.238002300000 0.161123390000 0.161123390000 0.161123390000 0.161123390000 0.000000000000 0.050035760000 0.050035760000
3 0.238002310000 0.238002300000 0.238002300000 0.161123390000 0.161123390000 0.161123390000 0.161123390000 0.050035760000 0.000000000000 0.003445840000
5 0.238002310000 0.238002300000 0.238002300000 0.161123390000 0.161123390000 0.161123390000 0.161123390000 0.050035760000 0.003445840000 0.000000000000
