10
5 0.000000000000 0.007283440000 0.045988680000 0.134316460000 0.134316460000 0.134316460000 0.134316460000 0.240816860000 0.240816860000 0.240816860000
3 0.007283440000 0.000000000000 0.045988680000 0.134316460000 0.134316460000 0.134316460000 0.134316460000 0.240816860000 0.240816860000 0.240816860000
7 0.045988680000 0.045988680000 0.000000000000 0.134316460000 0.134316460000 0.134316460000 0.134316460000 0.240816860000 0.240816860000 0.240816860000
4 0.134316460000 0.134316460000 0.134316460000 0.000000000000 0.011301620000 0.011301620000 0.011301620000 0.240816860000 0.240816860000 0.240816860000
2 0.134316460000 0.134316460000 0.134316460000 0.011301620000 0.000000000000 0.006273500000 0.010598080000 0.240816860000 0.240816860000 0.240816860000
6 0.134316460000 0.134316460000 0.134316460000 0.011301620000 0.006273500000 0.000000000000 0.010598080000 0.240816860000 0.240816860000 0.240816860000
1 0.134316460000 0.134316460000 0.134316460000 0.011301620000 0.010598080000 0.010598080000 0.000000000000 0.240816860000 0.240816860000 0.240816860000
9 0.240816860000 0.240816860000 0.240816860000 0.240816860000 0.240816860000 0.240816860000 0.240816860000 0.000000000000 0.028596140000 0.098941060000
10 0.240816860000 0.240816860000 0.240816860000 0.240816860000 0.240816860000 0.240816860000 0.240816860000 0.028596140000 0.000000000000 0.098941060000
8 0.240816860000 0.240816860000 0.240816860000 0.240816860000 0.240816860000 0.240816860000 0.240816860000 0.098941060000 0.098941060000 0.000000000000
