10
8 0.000000000000 0.096482760000 0.096482760000 0.248715550000 0.248715550000 0.248715550000 0.248715550000 0.248715540000 0.248715540000 0.248715540000
9 0.096482760000 0.000000000000 0.035708300000 0.248715550000 0.248715550000 0.248715550000 0.248715550000 0.248715540000 0.248715540000 0.248715540000
10 0.096482760000 0.035708300000 0.000000000000 0.248715550000 0.248715550000 0.248715550000 0.248715550000 0.248715540000 0.248715540000 0.248715540000
4 0.248715550000 0.248715550000 0.248715550000 0.000000000000 0.015401020000 0.015401020000 0.015401020000 0.137590350000 0.137590350000 0.137590350000
6 0.248715550000 0.248715550000 0.248715550000 0.015401020000 0.000000000000 0.006146100000 0.008379520000 0.137590350000 0.137590350000 0.137590350000
2 0.248715550000 0.248715550000 0.248715550000 0.015401020000 0.006146100000 0.000000000000 0.008379520000 0.137590350000 0.137590350000 0.137590350000
1 0.248715550000 0.248715550000 0.248715550000 0.015401020000 0.008379520000 0.008379520000 0.000000000000 0.137590350000 0.137590350000 0.137590350000
7 0.248715540000 0.248715540000 0.248715540000 0.137590350000 0.137590350000 0.137590350000 0.137590350000 0.000000000000 0.047684060000 0.047684060000
3 0.248715540000 0.248715540000 0.248715540000 0.137590350000 0.137590350000 0.137590350000 0.137590350000 0.047684060000 0.000000000000 0.002111380000
5 0.248715540000 0.248715540000 0.248715540000 0.137590350000 0.137590350000 0.137590350000 0.137590350000 0.047684060000 0.002111380000 0.000000000000
