10
10 0.000000000000 0.033268500000 0.096441870000 0.244464030000 0.244464030000 0.244464030000 0.244464030000 0.244464040000 0.244464040000 0.244464030000
9 0.033268500000 0.000000000000 0.096441870000 0.244464030000 0.244464030000 0.244464030000 0.244464030000 0.244464040000 0.244464040000 0.244464030000
8 0.096441870000 0.096441870000 0.000000000000 0.244464020000 0.244464020000 0.244464020000 0.244464020000 0.244464030000 0.244464030000 0.244464020000
4 0.244464030000 0.244464030000 0.244464020000 0.000000000000 0.012331500000 0.012331500000 0.012331500000 0.134731650000 0.134731650000 0.134731640000
1 0.244464030000 0.244464030000 0.244464020000 0.012331500000 0.000000000000 0.007548540000 0.007548540000 0.134731650000 0.134731650000 0.134731640000
2 0.244464030000 0.244464030000 0.244464020000 0.012331500000 0.007548540000 0.000000000000 0.003796660000 0.134731650000 0.134731650000 0.134731640000
6 0.244464030000 0.244464030000 0.244464020000 0.012331500000 0.007548540000 0.003796660000 0.000000000000 0.134731650000 0.134731650000 0.134731640000
3 0.244464040000 0.244464040000 0.244464030000 0.134731650000 0.134731650000 0.134731650000 0.134731650000 0.000000000000 0.002241580000 0.046570350000
5 0.244464040000 0.244464040000 0.244464030000 0.134731650000 0.134731650000 0.134731650000 0.134731650000 0.002241580000 0.000000000000 0.046570350000
7 0.244464030000 0.244464030000 0.244464020000 0.134731640000 0.134731640000 0.134731640000 0.134731640000 0.046570350000 0.046570350000 0.000000000000
