10
8 0.000000000000 0.096905950000 0.096905950000 0.238982100000 0.238982100000 0.238982100000 0.238982100000 0.238982100000 0.238982100000 0.238982100000
9 0.096905950000 0.000000000000 0.029604420000 0.238982090000 0.238982090000 0.238982090000 0.238982090000 0.238982090000 0.238982090000 0.238982090000
10 0.096905950000 0.029604420000 0.000000000000 0.238982090000 0.238982090000 0.238982090000 0.238982090000 0.238982090000 0.238982090000 0.238982090000
4 0.238982100000 0.238982090000 0.238982090000 0.000000000000 0.020046180000 0.020046180000 0.020046180000 0.135616940000 0.135616940000 0.135616940000
6 0.238982100000 0.238982090000 0.238982090000 0.020046180000 0.000000000000 0.010609380000 0.010609380000 0.135616940000 0.135616940000 0.135616940000
2 0.238982100000 0.238982090000 0.238982090000 0.020046180000 0.010609380000 0.000000000000 0.005602020000 0.135616940000 0.135616940000 0.135616940000
1 0.238982100000 0.238982090000 0.238982090000 0.020046180000 0.010609380000 0.005602020000 0.000000000000 0.135616940000 0.135616940000 0.135616940000
7 0.238982100000 0.238982090000 0.238982090000 0.135616940000 0.135616940000 0.135616940000 0.135616940000 0.000000000000 0.044562620000 0.044562620000
3 0.238982100000 0.238982090000 0.238982090000 0.135616940000 0.135616940000 0.135616940000 0.135616940000 0.044562620000 0.000000000000 0.001764320000
5 0.238982100000 0.238982090000 0.238982090000 0.135616940000 0.135616940000 0.135616940000 0.135616940000 0.044562620000 0.001764320000 0.000000000000
