10
9 0.000000000000 0.029397540000 0.096015480000 0.259340270000 0.259340270000 0.259340270000 0.259340280000 0.259340280000 0.259340280000 0.259340280000
10 0.029397540000 0.000000000000 0.096015480000 0.259340270000 0.259340270000 0.259340270000 0.259340280000 0.259340280000 0.259340280000 0.259340280000
8 0.096015480000 0.096015480000 0.000000000000 0.259340270000 0.259340270000 0.259340270000 0.259340280000 0.259340280000 0.259340280000 0.259340280000
4 0.259340270000 0.259340270000 0.259340270000 0.000000000000 0.010484860000 0.010484860000 0.011387750000 0.138327610000 0.138327610000 0.138327610000
6 0.259340270000 0.259340270000 0.259340270000 0.010484860000 0.000000000000 0.010040000000 0.011387750000 0.138327610000 0.138327610000 0.138327610000
2 0.259340270000 0.259340270000 0.259340270000 0.010484860000 0.010040000000 0.000000000000 0.011387750000 0.138327610000 0.138327610000 0.138327610000
1 0.259340280000 0.259340280000 0.259340280000 0.011387750000 0.011387750000 0.011387750000 0.000000000000 0.138327620000 0.138327620000 0.138327620000
7 0.259340280000 0.259340280000 0.259340280000 0.138327610000 0.138327610000 0.138327610000 0.138327620000 0.000000000000 0.046685920000 0.046685920000
3 0.259340280000 0.259340280000 0.259340280000 0.138327610000 0.138327610000 0.138327610000 0.138327620000 0.046685920000 0.000000000000 0.004901000000
5 0.259340280000 0.259340280000 0.259340280000 0.138327610000 0.138327610000 0.138327610000 0.138327620000 0.046685920000 0.004901000000 0.000000000000
