10
1 0.000000000000 0.005938920000 0.005938920000 0.017843550000 0.137534230000 0.137534230000 0.137534230000 0.244815060000 0.244815060000 0.244815060000
6 0.005938920000 0.000000000000 0.004306160000 0.017843550000 0.137534230000 0.137534230000 0.137534230000 0.244815060000 0.244815060000 0.244815060000
2 0.005938920000 0.004306160000 0.000000000000 0.017843550000 0.137534230000 0.137534230000 0.137534230000 0.244815060000 0.244815060000 0.244815060000
4 0.017843550000 0.017843550000 0.017843550000 0.000000000000 0.137534240000 0.137534240000 0.137534240000 0.244815070000 0.244815070000 0.244815070000
7 0.137534230000 0.137534230000 0.137534230000 0.137534240000 0.000000000000 0.045242320000 0.045242320000 0.244815070000 0.244815070000 0.244815070000
3 0.137534230000 0.137534230000 0.137534230000 0.137534240000 0.045242320000 0.000000000000 0.022726240000 0.244815070000 0.244815070000 0.244815070000
5 0.137534230000 0.137534230000 0.137534230000 0.137534240000 0.045242320000 0.022726240000 0.000000000000 0.244815070000 0.244815070000 0.244815070000
8 0.244815060000 0.244815060000 0.244815060000 0.244815070000 0.244815070000 0.244815070000 0.244815070000 0.000000000000 0.097927720000 0.097927720000
10 0.244815060000 0.244815060000 0.244815060000 0.244815070000 0.244815070000 0.244815070000 0.244815070000 0.097927720000 0.000000000000 0.028435420000
9 0.244815060000 0.244815060000 0.244815060000 0.244815070000 0.244815070000 0.244815070000 0.244815070000 0.097927720000 0.028435420000 0.000000000000
