10
5 0.000000000000 0.002529120000 0.049122600000 0.131474320000 0.131474320000 0.131474320000 0.131474320000 0.240489110000 0.240489110000 0.240489110000
3 0.002529120000 0.000000000000 0.049122600000 0.131474320000 0.131474320000 0.131474320000 0.131474320000 0.240489110000 0.240489110000 0.240489110000
7 0.049122600000 0.049122600000 0.000000000000 0.131474320000 0.131474320000 0.131474320000 0.131474320000 0.240489110000 0.240489110000 0.240489110000
4 0.131474320000 0.131474320000 0.131474320000 0.000000000000 0.008788920000 0.008788920000 0.008788920000 0.240489110000 0.240489110000 0.240489110000
1 0.131474320000 0.131474320000 0.131474320000 0.008788920000 0.000000000000 0.006607800000 0.007100620000 0.240489110000 0.240489110000 0.240489110000
2 0.131474320000 0.131474320000 0.131474320000 0.008788920000 0.006607800000 0.000000000000 0.007100620000 0.240489110000 0.240489110000 0.240489110000
6 0.131474320000 0.131474320000 0.131474320000 0.008788920000 0.007100620000 0.007100620000 0.000000000000 0.240489110000 0.240489110000 0.240489110000
8 0.240489110000 0.240489110000 0.240489110000 0.240489110000 0.240489110000 0.240489110000 0.240489110000 0.000000000000 0.110611320000 0.110611320000
9 0.240489110000 0.240489110000 0.240489110000 0.240489110000 0.240489110000 0.240489110000 0.240489110000 0.110611320000 0.000000000000 0.037095300000
10 0.240489110000 0.240489110000 0.240489110000 0.240489110000 0.240489110000 0.240489110000 0.240489110000 0.110611320000 0.037095300000 0.000000000000
