10
3 0.000000000000 0.011008520000 0.056082560000 0.144406980000 0.144406980000 0.144406980000 0.144406980000 0.239767800000 0.239767800000 0.239767800000
5 0.011008520000 0.000000000000 0.056082560000 0.144406980000 0.144406980000 0.144406980000 0.144406980000 0.239767800000 0.239767800000 0.239767800000
7 0.056082560000 0.056082560000 0.000000000000 0.144406980000 0.144406980000 0.144406980000 0.144406980000 0.239767800000 0.239767800000 0.239767800000
6 0.144406980000 0.144406980000 0.144406980000 0.000000000000 0.003806900000 0.007345400000 0.017586880000 0.239767800000 0.239767800000 0.239767800000
2 0.144406980000 0.144406980000 0.144406980000 0.003806900000 0.000000000000 0.007345400000 0.017586880000 0.239767800000 0.239767800000 0.239767800000
1 0.144406980000 0.144406980000 0.144406980000 0.007345400000 0.007345400000 0.000000000000 0.017586880000 0.239767800000 0.239767800000 0.239767800000
4 0.144406980000 0.144406980000 0.144406980000 0.017586880000 0.017586880000 0.017586880000 0.000000000000 0.239767800000 0.239767800000 0.239767800000
9 0.239767800000 0.239767800000 0.239767800000 0.239767800000 0.239767800000 0.239767800000 0.239767800000 0.000000000000 0.029992880000 0.105082240000
10 0.239767800000 0.239767800000 0.239767800000 0.239767800000 0.239767800000 0.239767800000 0.239767800000 0.029992880000 0.000000000000 0.105082240000
8 0.239767800000 0.239767800000 0.239767800000 0.239767800000 0.239767800000 0.239767800000 0.239767800000 0.105082240000 0.105082240000 0.000000000000
