10
5 0.000000000000 0.008195160000 0.044579180000 0.137036680000 0.137036690000 0.137036690000 0.137036680000 0.242335040000 0.242335040000 0.242335040000
3 0.008195160000 0.000000000000 0.044579180000 0.137036680000 0.137036690000 0.137036690000 0.137036680000 0.242335040000 0.242335040000 0.242335040000
7 0.044579180000 0.044579180000 0.000000000000 0.137036680000 0.137036690000 0.137036690000 0.137036680000 0.242335040000 0.242335040000 0.242335040000
2 0.137036680000 0.137036680000 0.137036680000 0.000000000000 0.008730830000 0.008730830000 0.011937680000 0.242335040000 0.242335040000 0.242335040000
1 0.137036690000 0.137036690000 0.137036690000 0.008730830000 0.000000000000 0.008147180000 0.011937690000 0.242335050000 0.242335050000 0.242335050000
6 0.137036690000 0.137036690000 0.137036690000 0.008730830000 0.008147180000 0.000000000000 0.011937690000 0.242335050000 0.242335050000 0.242335050000
4 0.137036680000 0.137036680000 0.137036680000 0.011937680000 0.011937690000 0.011937690000 0.000000000000 0.242335040000 0.242335040000 0.242335040000
10 0.242335040000 0.242335040000 0.242335040000 0.242335040000 0.242335050000 0.242335050000 0.242335040000 0.000000000000 0.036771860000 0.101952260000
9 0.242335040000 0.242335040000 0.242335040000 0.242335040000 0.242335050000 0.242335050000 0.242335040000 0.036771860000 0.000000000000 0.101952260000
8 0.242335040000 0.242335040000 0.242335040000 0.242335040000 0.242335050000 0.242335050000 0.242335040000 0.101952260000 0.101952260000 0.000000000000
