10
7 0.000000000000 0.046275040000 0.046275040000 0.148795640000 0.148795630000 0.148795630000 0.148795630000 0.238219840000 0.238219840000 0.238219840000
5 0.046275040000 0.000000000000 0.008246620000 0.148795640000 0.148795630000 0.148795630000 0.148795630000 0.238219840000 0.238219840000 0.238219840000
3 0.046275040000 0.008246620000 0.000000000000 0.148795640000 0.148795630000 0.148795630000 0.148795630000 0.238219840000 0.238219840000 0.238219840000
4 0.148795640000 0.148795640000 0.148795640000 0.000000000000 0.014321150000 0.014321150000 0.014321150000 0.238219840000 0.238219840000 0.238219840000
2 0.148795630000 0.148795630000 0.148795630000 0.014321150000 0.000000000000 0.003637720000 0.008888200000 0.238219830000 0.238219830000 0.238219830000
6 0.148795630000 0.148795630000 0.148795630000 0.014321150000 0.003637720000 0.000000000000 0.008888200000 0.238219830000 0.238219830000 0.238219830000
1 0.148795630000 0.148795630000 0.148795630000 0.014321150000 0.008888200000 0.008888200000 0.000000000000 0.238219830000 0.238219830000 0.238219830000
10 0.238219840000 0.238219840000 0.238219840000 0.238219840000 0.238219830000 0.238219830000 0.238219830000 0.000000000000 0.029713980000 0.097072020000
9 0.238219840000 0.238219840000 0.238219840000 0.238219840000 0.238219830000 0.238219830000 0.238219830000 0.029713980000 0.000000000000 0.097072020000
8 0.238219840000 0.238219840000 0.238219840000 0.238219840000 0.238219830000 0.238219830000 0.238219830000 0.097072020000 0.097072020000 0.000000000000
