10
10 0.000000000000 0.031764460000 0.099380800000 0.238679460000 0.238679460000 0.238679460000 0.238679450000 0.238679450000 0.238679450000 0.238679460000
9 0.031764460000 0.000000000000 0.099380800000 0.238679460000 0.238679460000 0.238679460000 0.238679450000 0.238679450000 0.238679450000 0.238679460000
8 0.099380800000 0.099380800000 0.000000000000 0.238679460000 0.238679460000 0.238679460000 0.238679450000 0.238679450000 0.238679450000 0.238679460000
5 0.238679460000 0.238679460000 0.238679460000 0.000000000000 0.002498040000 0.046867380000 0.137171770000 0.137171770000 0.137171770000 0.137171780000
3 0.238679460000 0.238679460000 0.238679460000 0.002498040000 0.000000000000 0.046867380000 0.137171770000 0.137171770000 0.137171770000 0.137171780000
7 0.238679460000 0.238679460000 0.238679460000 0.046867380000 0.046867380000 0.000000000000 0.137171770000 0.137171770000 0.137171770000 0.137171780000
1 0.238679450000 0.238679450000 0.238679450000 0.137171770000 0.137171770000 0.137171770000 0.000000000000 0.009517220000 0.009517220000 0.011815770000
2 0.238679450000 0.238679450000 0.238679450000 0.137171770000 0.137171770000 0.137171770000 0.009517220000 0.000000000000 0.007368580000 0.011815770000
6 0.238679450000 0.238679450000 0.238679450000 0.137171770000 0.137171770000 0.137171770000 0.009517220000 0.007368580000 0.000000000000 0.011815770000
4 0.238679460000 0.238679460000 0.238679460000 0.137171780000 0.137171780000 0.137171780000 0.011815770000 0.011815770000 0.011815770000 0.000000000000
