10
4 0.000000000000 0.010951520000 0.010951520000 0.010951520000 0.134018620000 0.134018620000 0.134018620000 0.239783500000 0.239783500000 0.239783500000
1 0.010951520000 0.000000000000 0.008380040000 0.008380040000 0.134018620000 0.134018620000 0.134018620000 0.239783500000 0.239783500000 0.239783500000
2 0.010951520000 0.008380040000 0.000000000000 0.003956220000 0.134018620000 0.134018620000 0.134018620000 0.239783500000 0.239783500000 0.239783500000
6 0.010951520000 0.008380040000 0.003956220000 0.000000000000 0.134018620000 0.134018620000 0.134018620000 0.239783500000 0.239783500000 0.239783500000
5 0.134018620000 0.134018620000 0.134018620000 0.134018620000 0.000000000000 0.002524860000 0.049155580000 0.239783500000 0.239783500000 0.239783500000
3 0.134018620000 0.134018620000 0.134018620000 0.134018620000 0.002524860000 0.000000000000 0.049155580000 0.239783500000 0.239783500000 0.239783500000
7 0.134018620000 0.134018620000 0.134018620000 0.134018620000 0.049155580000 0.049155580000 0.000000000000 0.239783500000 0.239783500000 0.239783500000
8 0.239783500000 0.239783500000 0.239783500000 0.239783500000 0.239783500000 0.239783500000 0.239783500000 0.000000000000 0.097467260000 0.097467260000
10 0.239783500000 0.239783500000 0.239783500000 0.239783500000 0.239783500000 0.239783500000 0.239783500000 0.097467260000 0.000000000000 0.035750420000
9 0.239783500000 0.239783500000 0.239783500000 0.239783500000 0.239783500000 0.239783500000 0.239783500000 0.097467260000 0.035750420000 0.000000000000
