10
8 0.000000000000 0.095531330000 0.095531330000 0.238123390000 0.238123390000 0.238123390000 0.238123390000 0.238123390000 0.238123390000 0.238123390000
10 0.095531330000 0.000000000000 0.035995080000 0.238123400000 0.238123400000 0.238123400000 0.238123400000 0.238123400000 0.238123400000 0.238123400000
9 0.095531330000 0.035995080000 0.000000000000 0.238123400000 0.238123400000 0.238123400000 0.238123400000 0.238123400000 0.238123400000 0.238123400000
1 0.238123390000 0.238123400000 0.238123400000 0.000000000000 0.005799280000 0.005799280000 0.009618320000 0.131731240000 0.131731240000 0.131731240000
6 0.238123390000 0.238123400000 0.238123400000 0.005799280000 0.000000000000 0.005427980000 0.009618320000 0.131731240000 0.131731240000 0.131731240000
2 0.238123390000 0.238123400000 0.238123400000 0.005799280000 0.005427980000 0.000000000000 0.009618320000 0.131731240000 0.131731240000 0.131731240000
4 0.238123390000 0.238123400000 0.238123400000 0.009618320000 0.009618320000 0.009618320000 0.000000000000 0.131731240000 0.131731240000 0.131731240000
7 0.238123390000 0.238123400000 0.238123400000 0.131731240000 0.131731240000 0.131731240000 0.131731240000 0.000000000000 0.045225240000 0.045225240000
3 0.238123390000 0.238123400000 0.238123400000 0.131731240000 0.131731240000 0.131731240000 0.131731240000 0.045225240000 0.000000000000 0.010092960000
5 0.238123390000 0.238123400000 0.238123400000 0.131731240000 0.131731240000 0.131731240000 0.131731240000 0.045225240000 0.010092960000 0.000000000000
