10
9 0.000000000000 0.030302700000 0.096955550000 0.243547050000 0.243547050000 0.243547050000 0.243547050000 0.243547050000 0.243547050000 0.243547050000
10 0.030302700000 0.000000000000 0.096955550000 0.243547050000 0.243547050000 0.243547050000 0.243547050000 0.243547050000 0.243547050000 0.243547050000
8 0.096955550000 0.096955550000 0.000000000000 0.243547060000 0.243547060000 0.243547060000 0.243547060000 0.243547060000 0.243547060000 0.243547060000
3 0.243547050000 0.243547050000 0.243547060000 0.000000000000 0.012125320000 0.044497620000 0.132791540000 0.132791540000 0.132791540000 0.132791540000
5 0.243547050000 0.243547050000 0.243547060000 0.012125320000 0.000000000000 0.044497620000 0.132791540000 0.132791540000 0.132791540000 0.132791540000
7 0.243547050000 0.243547050000 0.243547060000 0.044497620000 0.044497620000 0.000000000000 0.132791540000 0.132791540000 0.132791540000 0.132791540000
6 0.243547050000 0.243547050000 0.243547060000 0.132791540000 0.132791540000 0.132791540000 0.000000000000 0.010273820000 0.017716300000 0.017716300000
4 0.243547050000 0.243547050000 0.243547060000 0.132791540000 0.132791540000 0.132791540000 0.010273820000 0.000000000000 0.017716300000 0.017716300000
1 0.243547050000 0.243547050000 0.243547060000 0.132791540000 0.132791540000 0.132791540000 0.017716300000 0.017716300000 0.000000000000 0.006365560000
2 0.243547050000 0.243547050000 0.243547060000 0.132791540000 0.132791540000 0.132791540000 0.017716300000 0.017716300000 0.006365560000 0.000000000000
