10
4 0.000000000000 0.009245620000 0.009245620000 0.009245620000 0.132112980000 0.132112980000 0.132112980000 0.252553240000 0.252553240000 0.252553240000
6 0.009245620000 0.000000000000 0.009025000000 0.009025000000 0.132112980000 0.132112980000 0.132112980000 0.252553240000 0.252553240000 0.252553240000
2 0.009245620000 0.009025000000 0.000000000000 0.007773100000 0.132112980000 0.132112980000 0.132112980000 0.252553240000 0.252553240000 0.252553240000
1 0.009245620000 0.009025000000 0.007773100000 0.000000000000 0.132112980000 0.132112980000 0.132112980000 0.252553240000 0.252553240000 0.252553240000
3 0.132112980000 0.132112980000 0.132112980000 0.132112980000 0.000000000000 0.001236080000 0.047314340000 0.252553240000 0.252553240000 0.252553240000
5 0.132112980000 0.132112980000 0.132112980000 0.132112980000 0.001236080000 0.000000000000 0.047314340000 0.252553240000 0.252553240000 0.252553240000
7 0.132112980000 0.132112980000 0.132112980000 0.132112980000 0.047314340000 0.047314340000 0.000000000000 0.252553240000 0.252553240000 0.252553240000
8 0.252553240000 0.252553240000 0.252553240000 0.252553240000 0.252553240000 0.252553240000 0.252553240000 0.000000000000 0.096056720000 0.096056720000
10 0.252553240000 0.252553240000 0.252553240000 0.252553240000 0.252553240000 0.252553240000 0.252553240000 0.096056720000 0.000000000000 0.029239280000
9 0.252553240000 0.252553240000 0.252553240000 0.252553240000 0.252553240000 0.252553240000 0.252553240000 0.096056720000 0.029239280000 0.000000000000
