10
9 0.000000000000 0.030800460000 0.096198720000 0.239018070000 0.239018070000 0.239018070000 0.239018070000 0.239018070000 0.239018070000 0.239018070000
10 0.030800460000 0.000000000000 0.096198720000 0.239018070000 0.239018070000 0.239018070000 0.239018070000 0.239018070000 0.239018070000 0.239018070000
8 0.096198720000 0.096198720000 0.000000000000 0.239018070000 0.239018070000 0.239018070000 0.239018070000 0.239018070000 0.239018070000 0.239018070000
1 0.239018070000 0.239018070000 0.239018070000 0.000000000000 0.008127200000 0.008127200000 0.011535520000 0.131995480000 0.131995480000 0.131995480000
6 0.239018070000 0.239018070000 0.239018070000 0.008127200000 0.000000000000 0.007444540000 0.011535520000 0.131995480000 0.131995480000 0.131995480000
2 0.239018070000 0.239018070000 0.239018070000 0.008127200000 0.007444540000 0.000000000000 0.011535520000 0.131995480000 0.131995480000 0.131995480000
4 0.239018070000 0.239018070000 0.239018070000 0.011535520000 0.011535520000 0.011535520000 0.000000000000 0.131995480000 0.131995480000 0.131995480000
3 0.239018070000 0.239018070000 0.239018070000 0.131995480000 0.131995480000 0.131995480000 0.131995480000 0.000000000000 0.013336660000 0.044443440000
5 0.239018070000 0.239018070000 0.239018070000 0.131995480000 0.131995480000 0.131995480000 0.131995480000 0.013336660000 0.000000000000 0.044443440000
7 0.239018070000 0.239018070000 0.239018070000 0.131995480000 0.131995480000 0.131995480000 0.131995480000 0.044443440000 0.044443440000 0.000000000000
