10
7 0.000000000000 0.047459340000 0.047459340000 0.136569840000 0.136569840000 0.136569830000 0.136569830000 0.238851890000 0.238851890000 0.238851890000
5 0.047459340000 0.000000000000 0.006801960000 0.136569840000 0.136569840000 0.136569830000 0.136569830000 0.238851890000 0.238851890000 0.238851890000
3 0.047459340000 0.006801960000 0.000000000000 0.136569840000 0.136569840000 0.136569830000 0.136569830000 0.238851890000 0.238851890000 0.238851890000
4 0.136569840000 0.136569840000 0.136569840000 0.000000000000 0.014368720000 0.014368710000 0.014368710000 0.238851890000 0.238851890000 0.238851890000
1 0.136569840000 0.136569840000 0.136569840000 0.014368720000 0.000000000000 0.005554670000 0.005554670000 0.238851890000 0.238851890000 0.238851890000
6 0.136569830000 0.136569830000 0.136569830000 0.014368710000 0.005554670000 0.000000000000 0.003697680000 0.238851880000 0.238851880000 0.238851880000
2 0.136569830000 0.136569830000 0.136569830000 0.014368710000 0.005554670000 0.003697680000 0.000000000000 0.238851880000 0.238851880000 0.238851880000
9 0.238851890000 0.238851890000 0.238851890000 0.238851890000 0.238851890000 0.238851880000 0.238851880000 0.000000000000 0.050839300000 0.098197480000
10 0.238851890000 0.238851890000 0.238851890000 0.238851890000 0.238851890000 0.238851880000 0.238851880000 0.050839300000 0.000000000000 0.098197480000
8 0.238851890000 0.238851890000 0.238851890000 0.238851890000 0.238851890000 0.238851880000 0.238851880000 0.098197480000 0.098197480000 0.000000000000
