10
4 0.000000000000 0.012229970000 0.012229970000 0.019597190000 0.142898820000 0.142898820000 0.142898820000 0.240062140000 0.240062140000 0.240062140000
2 0.012229970000 0.000000000000 0.003202600000 0.019597180000 0.142898810000 0.142898810000 0.142898810000 0.240062130000 0.240062130000 0.240062130000
6 0.012229970000 0.003202600000 0.000000000000 0.019597180000 0.142898810000 0.142898810000 0.142898810000 0.240062130000 0.240062130000 0.240062130000
1 0.019597190000 0.019597180000 0.019597180000 0.000000000000 0.142898810000 0.142898810000 0.142898810000 0.240062130000 0.240062130000 0.240062130000
7 0.142898820000 0.142898810000 0.142898810000 0.142898810000 0.000000000000 0.046507180000 0.046507180000 0.240062140000 0.240062140000 0.240062140000
3 0.142898820000 0.142898810000 0.142898810000 0.142898810000 0.046507180000 0.000000000000 0.007605080000 0.240062140000 0.240062140000 0.240062140000
5 0.142898820000 0.142898810000 0.142898810000 0.142898810000 0.046507180000 0.007605080000 0.000000000000 0.240062140000 0.240062140000 0.240062140000
9 0.240062140000 0.240062130000 0.240062130000 0.240062130000 0.240062140000 0.240062140000 0.240062140000 0.000000000000 0.030746260000 0.097718560000
10 0.240062140000 0.240062130000 0.240062130000 0.240062130000 0.240062140000 0.240062140000 0.240062140000 0.030746260000 0.000000000000 0.097718560000
8 0.240062140000 0.240062130000 0.240062130000 0.240062130000 0.240062140000 0.240062140000 0.240062140000 0.097718560000 0.097718560000 0.000000000000
