10
10 0.000000000000 0.031545620000 0.107326300000 0.237847020000 0.237847020000 0.237847020000 0.237847020000 0.237847010000 0.237847010000 0.237847010000
9 0.031545620000 0.000000000000 0.107326300000 0.237847020000 0.237847020000 0.237847020000 0.237847020000 0.237847010000 0.237847010000 0.237847010000
8 0.107326300000 0.107326300000 0.000000000000 0.237847020000 0.237847020000 0.237847020000 0.237847020000 0.237847010000 0.237847010000 0.237847010000
5 0.237847020000 0.237847020000 0.237847020000 0.000000000000 0.001417340000 0.047242820000 0.131817060000 0.131817050000 0.131817050000 0.131817050000
3 0.237847020000 0.237847020000 0.237847020000 0.001417340000 0.000000000000 0.047242820000 0.131817060000 0.131817050000 0.131817050000 0.131817050000
7 0.237847020000 0.237847020000 0.237847020000 0.047242820000 0.047242820000 0.000000000000 0.131817060000 0.131817050000 0.131817050000 0.131817050000
4 0.237847020000 0.237847020000 0.237847020000 0.131817060000 0.131817060000 0.131817060000 0.000000000000 0.014539590000 0.014539590000 0.014539590000
2 0.237847010000 0.237847010000 0.237847010000 0.131817050000 0.131817050000 0.131817050000 0.014539590000 0.000000000000 0.009847980000 0.009847980000
6 0.237847010000 0.237847010000 0.237847010000 0.131817050000 0.131817050000 0.131817050000 0.014539590000 0.009847980000 0.000000000000 0.009747680000
1 0.237847010000 0.237847010000 0.237847010000 0.131817050000 0.131817050000 0.131817050000 0.014539590000 0.009847980000 0.009747680000 0.000000000000
