10
8 0.000000000000 0.103455700000 0.103455700000 0.243199880000 0.243199880000 0.243199880000 0.243199880000 0.243199880000 0.243199870000 0.243199870000
10 0.103455700000 0.000000000000 0.037247780000 0.243199880000 0.243199880000 0.243199880000 0.243199880000 0.243199880000 0.243199870000 0.243199870000
9 0.103455700000 0.037247780000 0.000000000000 0.243199880000 0.243199880000 0.243199880000 0.243199880000 0.243199880000 0.243199870000 0.243199870000
7 0.243199880000 0.243199880000 0.243199880000 0.000000000000 0.058899580000 0.058899580000 0.132015820000 0.132015820000 0.132015810000 0.132015810000
3 0.243199880000 0.243199880000 0.243199880000 0.058899580000 0.000000000000 0.010251300000 0.132015820000 0.132015820000 0.132015810000 0.132015810000
5 0.243199880000 0.243199880000 0.243199880000 0.058899580000 0.010251300000 0.000000000000 0.132015820000 0.132015820000 0.132015810000 0.132015810000
2 0.243199880000 0.243199880000 0.243199880000 0.132015820000 0.132015820000 0.132015820000 0.000000000000 0.008364100000 0.011150290000 0.011150290000
6 0.243199880000 0.243199880000 0.243199880000 0.132015820000 0.132015820000 0.132015820000 0.008364100000 0.000000000000 0.011150290000 0.011150290000
4 0.243199870000 0.243199870000 0.243199870000 0.132015810000 0.132015810000 0.132015810000 0.011150290000 0.011150290000 0.000000000000 0.010934780000
1 0.243199870000 0.243199870000 0.243199870000 0.132015810000 0.132015810000 0.132015810000 0.011150290000 0.011150290000 0.010934780000 0.000000000000
