10
2 0.000000000000 0.003663180000 0.005999750000 0.015224570000 0.136696190000 0.136696190000 0.136696190000 0.254453650000 0.254453640000 0.254453640000
6 0.003663180000 0.000000000000 0.005999750000 0.015224570000 0.136696190000 0.136696190000 0.136696190000 0.254453650000 0.254453640000 0.254453640000
1 0.005999750000 0.005999750000 0.000000000000 0.015224580000 0.136696200000 0.136696200000 0.136696200000 0.254453660000 0.254453650000 0.254453650000
4 0.015224570000 0.015224570000 0.015224580000 0.000000000000 0.136696200000 0.136696200000 0.136696200000 0.254453660000 0.254453650000 0.254453650000
5 0.136696190000 0.136696190000 0.136696200000 0.136696200000 0.000000000000 0.004780420000 0.048529880000 0.254453660000 0.254453650000 0.254453650000
3 0.136696190000 0.136696190000 0.136696200000 0.136696200000 0.004780420000 0.000000000000 0.048529880000 0.254453660000 0.254453650000 0.254453650000
7 0.136696190000 0.136696190000 0.136696200000 0.136696200000 0.048529880000 0.048529880000 0.000000000000 0.254453660000 0.254453650000 0.254453650000
8 0.254453650000 0.254453650000 0.254453660000 0.254453660000 0.254453660000 0.254453660000 0.254453660000 0.000000000000 0.096206170000 0.096206170000
9 0.254453640000 0.254453640000 0.254453650000 0.254453650000 0.254453650000 0.254453650000 0.254453650000 0.096206170000 0.000000000000 0.027945800000
10 0.254453640000 0.254453640000 0.254453650000 0.254453650000 0.254453650000 0.254453650000 0.254453650000 0.096206170000 0.027945800000 0.000000000000
