10
5 0.000000000000 0.006572560000 0.044897960000 0.132376060000 0.132376060000 0.132376060000 0.132376060000 0.239110080000 0.239110080000 0.239110080000
3 0.006572560000 0.000000000000 0.044897960000 0.132376060000 0.132376060000 0.132376060000 0.132376060000 0.239110080000 0.239110080000 0.239110080000
7 0.044897960000 0.044897960000 0.000000000000 0.132376060000 0.132376060000 0.132376060000 0.132376060000 0.239110080000 0.239110080000 0.239110080000
6 0.132376060000 0.132376060000 0.132376060000 0.000000000000 0.006562920000 0.007896040000 0.009944300000 0.239110080000 0.239110080000 0.239110080000
1 0.132376060000 0.132376060000 0.132376060000 0.006562920000 0.000000000000 0.007896040000 0.009944300000 0.239110080000 0.239110080000 0.239110080000
2 0.132376060000 0.132376060000 0.132376060000 0.007896040000 0.007896040000 0.000000000000 0.009944300000 0.239110080000 0.239110080000 0.239110080000
4 0.132376060000 0.132376060000 0.132376060000 0.009944300000 0.009944300000 0.009944300000 0.000000000000 0.239110080000 0.239110080000 0.239110080000
10 0.239110080000 0.239110080000 0.239110080000 0.239110080000 0.239110080000 0.239110080000 0.239110080000 0.000000000000 0.033216020000 0.097191280000
9 0.239110080000 0.239110080000 0.239110080000 0.239110080000 0.239110080000 0.239110080000 0.239110080000 0.033216020000 0.000000000000 0.097191280000
8 0.239110080000 0.239110080000 0.239110080000 0.239110080000 0.239110080000 0.239110080000 0.239110080000 0.097191280000 0.097191280000 0.000000000000
