10
5 0.000000000000 0.004644820000 0.044563150000 0.132844620000 0.132844630000 0.132844620000 0.132844620000 0.237978060000 0.237978060000 0.237978060000
3 0.004644820000 0.000000000000 0.044563150000 0.132844620000 0.132844630000 0.132844620000 0.132844620000 0.237978060000 0.237978060000 0.237978060000
7 0.044563150000 0.044563150000 0.000000000000 0.132844630000 0.132844640000 0.132844630000 0.132844630000 0.237978070000 0.237978070000 0.237978070000
6 0.132844620000 0.132844620000 0.132844630000 0.000000000000 0.019776130000 0.019776120000 0.019776120000 0.237978060000 0.237978060000 0.237978060000
4 0.132844630000 0.132844630000 0.132844640000 0.019776130000 0.000000000000 0.011951770000 0.011951770000 0.237978070000 0.237978070000 0.237978070000
2 0.132844620000 0.132844620000 0.132844630000 0.019776120000 0.011951770000 0.000000000000 0.008682300000 0.237978060000 0.237978060000 0.237978060000
1 0.132844620000 0.132844620000 0.132844630000 0.019776120000 0.011951770000 0.008682300000 0.000000000000 0.237978060000 0.237978060000 0.237978060000
8 0.237978060000 0.237978060000 0.237978070000 0.237978060000 0.237978070000 0.237978060000 0.237978060000 0.000000000000 0.099256780000 0.099256780000
9 0.237978060000 0.237978060000 0.237978070000 0.237978060000 0.237978070000 0.237978060000 0.237978060000 0.099256780000 0.000000000000 0.045647980000
10 0.237978060000 0.237978060000 0.237978070000 0.237978060000 0.237978070000 0.237978060000 0.237978060000 0.099256780000 0.045647980000 0.000000000000
