10
10 0.000000000000 0.031231020000 0.098663900000 0.241244160000 0.241244160000 0.241244160000 0.241244160000 0.241244160000 0.241244160000 0.241244160000
9 0.031231020000 0.000000000000 0.098663900000 0.241244160000 0.241244160000 0.241244160000 0.241244160000 0.241244160000 0.241244160000 0.241244160000
8 0.098663900000 0.098663900000 0.000000000000 0.241244160000 0.241244160000 0.241244160000 0.241244160000 0.241244160000 0.241244160000 0.241244160000
5 0.241244160000 0.241244160000 0.241244160000 0.000000000000 0.002636160000 0.044471480000 0.137952380000 0.137952380000 0.137952380000 0.137952380000
3 0.241244160000 0.241244160000 0.241244160000 0.002636160000 0.000000000000 0.044471480000 0.137952380000 0.137952380000 0.137952380000 0.137952380000
7 0.241244160000 0.241244160000 0.241244160000 0.044471480000 0.044471480000 0.000000000000 0.137952380000 0.137952380000 0.137952380000 0.137952380000
4 0.241244160000 0.241244160000 0.241244160000 0.137952380000 0.137952380000 0.137952380000 0.000000000000 0.011937400000 0.011937400000 0.011937400000
6 0.241244160000 0.241244160000 0.241244160000 0.137952380000 0.137952380000 0.137952380000 0.011937400000 0.000000000000 0.002908400000 0.007643180000
2 0.241244160000 0.241244160000 0.241244160000 0.137952380000 0.137952380000 0.137952380000 0.011937400000 0.002908400000 0.000000000000 0.007643180000
1 0.241244160000 0.241244160000 0.241244160000 0.137952380000 0.137952380000 0.137952380000 0.011937400000 0.007643180000 0.007643180000 0.000000000000
