10
7 0.000000000000 0.045639640000 0.045639640000 0.134487060000 0.134487060000 0.134487060000 0.134487060000 0.245529240000 0.245529240000 0.245529240000
3 0.045639640000 0.000000000000 0.013995880000 0.134487060000 0.134487060000 0.134487060000 0.134487060000 0.245529240000 0.245529240000 0.245529240000
5 0.045639640000 0.013995880000 0.000000000000 0.134487060000 0.134487060000 0.134487060000 0.134487060000 0.245529240000 0.245529240000 0.245529240000
1 0.134487060000 0.134487060000 0.134487060000 0.000000000000 0.012027000000 0.012027000000 0.012027000000 0.245529240000 0.245529240000 0.245529240000
4 0.134487060000 0.134487060000 0.134487060000 0.012027000000 0.000000000000 0.010946480000 0.010946480000 0.245529240000 0.245529240000 0.245529240000
6 0.134487060000 0.134487060000 0.134487060000 0.012027000000 0.010946480000 0.000000000000 0.003054960000 0.245529240000 0.245529240000 0.245529240000
2 0.134487060000 0.134487060000 0.134487060000 0.012027000000 0.010946480000 0.003054960000 0.000000000000 0.245529240000 0.245529240000 0.245529240000
9 0.245529240000 0.245529240000 0.245529240000 0.245529240000 0.245529240000 0.245529240000 0.245529240000 0.000000000000 0.028368820000 0.097125540000
10 0.245529240000 0.245529240000 0.245529240000 0.245529240000 0.245529240000 0.245529240000 0.245529240000 0.028368820000 0.000000000000 0.097125540000
8 0.245529240000 0.245529240000 0.245529240000 0.245529240000 0.245529240000 0.245529240000 0.245529240000 0.097125540000 0.097125540000 0.000000000000
