10
3 0.000000000000 0.009224020000 0.046470170000 0.132439310000 0.132439310000 0.132439310000 0.132439310000 0.240352120000 0.240352120000 0.240352120000
5 0.009224020000 0.000000000000 0.046470170000 0.132439310000 0.132439310000 0.132439310000 0.132439310000 0.240352120000 0.240352120000 0.240352120000
7 0.046470170000 0.046470170000 0.000000000000 0.132439320000 0.132439320000 0.132439320000 0.132439320000 0.240352130000 0.240352130000 0.240352130000
1 0.132439310000 0.132439310000 0.132439320000 0.000000000000 0.011077020000 0.011077020000 0.014333780000 0.240352130000 0.240352130000 0.240352130000
6 0.132439310000 0.132439310000 0.132439320000 0.011077020000 0.000000000000 0.004669760000 0.014333780000 0.240352130000 0.240352130000 0.240352130000
2 0.132439310000 0.132439310000 0.132439320000 0.011077020000 0.004669760000 0.000000000000 0.014333780000 0.240352130000 0.240352130000 0.240352130000
4 0.132439310000 0.132439310000 0.132439320000 0.014333780000 0.014333780000 0.014333780000 0.000000000000 0.240352130000 0.240352130000 0.240352130000
8 0.240352120000 0.240352120000 0.240352130000 0.240352130000 0.240352130000 0.240352130000 0.240352130000 0.000000000000 0.095508820000 0.095508820000
9 0.240352120000 0.240352120000 0.240352130000 0.240352130000 0.240352130000 0.240352130000 0.240352130000 0.095508820000 0.000000000000 0.045568880000
10 0.240352120000 0.240352120000 0.240352130000 0.240352130000 0.240352130000 0.240352130000 0.240352130000 0.095508820000 0.045568880000 0.000000000000
