10
8 0.000000000000 0.098643580000 0.098643580000 0.247191940000 0.247191940000 0.247191940000 0.247191940000 0.247191950000 0.247191950000 0.247191940000
9 0.098643580000 0.000000000000 0.027262020000 0.247191940000 0.247191940000 0.247191940000 0.247191940000 0.247191950000 0.247191950000 0.247191940000
10 0.098643580000 0.027262020000 0.000000000000 0.247191940000 0.247191940000 0.247191940000 0.247191940000 0.247191950000 0.247191950000 0.247191940000
6 0.247191940000 0.247191940000 0.247191940000 0.000000000000 0.016803240000 0.016803240000 0.016803240000 0.134447930000 0.134447930000 0.134447920000
4 0.247191940000 0.247191940000 0.247191940000 0.016803240000 0.000000000000 0.010252760000 0.010988500000 0.134447930000 0.134447930000 0.134447920000
2 0.247191940000 0.247191940000 0.247191940000 0.016803240000 0.010252760000 0.000000000000 0.010988500000 0.134447930000 0.134447930000 0.134447920000
1 0.247191940000 0.247191940000 0.247191940000 0.016803240000 0.010988500000 0.010988500000 0.000000000000 0.134447930000 0.134447930000 0.134447920000
3 0.247191950000 0.247191950000 0.247191950000 0.134447930000 0.134447930000 0.134447930000 0.134447930000 0.000000000000 0.004521160000 0.050409290000
5 0.247191950000 0.247191950000 0.247191950000 0.134447930000 0.134447930000 0.134447930000 0.134447930000 0.004521160000 0.000000000000 0.050409290000
7 0.247191940000 0.247191940000 0.247191940000 0.134447920000 0.134447920000 0.134447920000 0.134447920000 0.050409290000 0.050409290000 0.000000000000
