10
10 0.000000000000 0.033108540000 0.096729920000 0.240606410000 0.240606410000 0.240606410000 0.240606410000 0.240606410000 0.240606410000 0.240606410000
9 0.033108540000 0.000000000000 0.096729920000 0.240606410000 0.240606410000 0.240606410000 0.240606410000 0.240606410000 0.240606410000 0.240606410000
8 0.096729920000 0.096729920000 0.000000000000 0.240606410000 0.240606410000 0.240606410000 0.240606410000 0.240606410000 0.240606410000 0.240606410000
7 0.240606410000 0.240606410000 0.240606410000 0.000000000000 0.044667020000 0.044667020000 0.133763920000 0.133763920000 0.133763920000 0.133763920000
5 0.240606410000 0.240606410000 0.240606410000 0.044667020000 0.000000000000 0.004572740000 0.133763920000 0.133763920000 0.133763920000 0.133763920000
3 0.240606410000 0.240606410000 0.240606410000 0.044667020000 0.004572740000 0.000000000000 0.133763920000 0.133763920000 0.133763920000 0.133763920000
1 0.240606410000 0.240606410000 0.240606410000 0.133763920000 0.133763920000 0.133763920000 0.000000000000 0.005934200000 0.005934200000 0.013764520000
2 0.240606410000 0.240606410000 0.240606410000 0.133763920000 0.133763920000 0.133763920000 0.005934200000 0.000000000000 0.004252100000 0.013764520000
6 0.240606410000 0.240606410000 0.240606410000 0.133763920000 0.133763920000 0.133763920000 0.005934200000 0.004252100000 0.000000000000 0.013764520000
4 0.240606410000 0.240606410000 0.240606410000 0.133763920000 0.133763920000 0.133763920000 0.013764520000 0.013764520000 0.013764520000 0.000000000000
