10
8 0.000000000000 0.102734270000 0.102734270000 0.237950070000 0.237950080000 0.237950080000 0.237950070000 0.237950080000 0.237950080000 0.237950080000
10 0.102734270000 0.000000000000 0.027900060000 0.237950080000 0.237950090000 0.237950090000 0.237950080000 0.237950090000 0.237950090000 0.237950090000
9 0.102734270000 0.027900060000 0.000000000000 0.237950080000 0.237950090000 0.237950090000 0.237950080000 0.237950090000 0.237950090000 0.237950090000
1 0.237950070000 0.237950080000 0.237950080000 0.000000000000 0.007957470000 0.007957470000 0.009455460000 0.146444070000 0.146444070000 0.146444070000
2 0.237950080000 0.237950090000 0.237950090000 0.007957470000 0.000000000000 0.003070460000 0.009455470000 0.146444080000 0.146444080000 0.146444080000
6 0.237950080000 0.237950090000 0.237950090000 0.007957470000 0.003070460000 0.000000000000 0.009455470000 0.146444080000 0.146444080000 0.146444080000
4 0.237950070000 0.237950080000 0.237950080000 0.009455460000 0.009455470000 0.009455470000 0.000000000000 0.146444070000 0.146444070000 0.146444070000
7 0.237950080000 0.237950090000 0.237950090000 0.146444070000 0.146444080000 0.146444080000 0.146444070000 0.000000000000 0.045231560000 0.045231560000
3 0.237950080000 0.237950090000 0.237950090000 0.146444070000 0.146444080000 0.146444080000 0.146444070000 0.045231560000 0.000000000000 0.007356020000
5 0.237950080000 0.237950090000 0.237950090000 0.146444070000 0.146444080000 0.146444080000 0.146444070000 0.045231560000 0.007356020000 0.000000000000
