10
3 0.000000000000 0.007382640000 0.047625940000 0.132987260000 0.132987260000 0.132987260000 0.132987260000 0.243724970000 0.243724970000 0.243724970000
5 0.007382640000 0.000000000000 0.047625940000 0.132987260000 0.132987260000 0.132987260000 0.132987260000 0.243724970000 0.243724970000 0.243724970000
7 0.047625940000 0.047625940000 0.000000000000 0.132987260000 0.132987260000 0.132987260000 0.132987260000 0.243724970000 0.243724970000 0.243724970000
4 0.132987260000 0.132987260000 0.132987260000 0.000000000000 0.012130520000 0.012130520000 0.012130520000 0.243724970000 0.243724970000 0.243724970000
6 0.132987260000 0.132987260000 0.132987260000 0.012130520000 0.000000000000 0.005915280000 0.008552180000 0.243724970000 0.243724970000 0.243724970000
1 0.132987260000 0.132987260000 0.132987260000 0.012130520000 0.005915280000 0.000000000000 0.008552180000 0.243724970000 0.243724970000 0.243724970000
2 0.132987260000 0.132987260000 0.132987260000 0.012130520000 0.008552180000 0.008552180000 0.000000000000 0.243724970000 0.243724970000 0.243724970000
8 0.243724970000 0.243724970000 0.243724970000 0.243724970000 0.243724970000 0.243724970000 0.243724970000 0.000000000000 0.104371640000 0.104371640000
9 0.243724970000 0.243724970000 0.243724970000 0.243724970000 0.243724970000 0.243724970000 0.243724970000 0.104371640000 0.000000000000 0.032104340000
10 0.243724970000 0.243724970000 0.243724970000 0.243724970000 0.243724970000 0.243724970000 0.243724970000 0.104371640000 0.032104340000 0.000000000000
