10
4 0.000000000000 0.009841820000 0.009841820000 0.021493220000 0.132488410000 0.132488410000 0.132488410000 0.245492090000 0.245492090000 0.245492090000
1 0.009841820000 0.000000000000 0.005706020000 0.021493220000 0.132488410000 0.132488410000 0.132488410000 0.245492090000 0.245492090000 0.245492090000
2 0.009841820000 0.005706020000 0.000000000000 0.021493220000 0.132488410000 0.132488410000 0.132488410000 0.245492090000 0.245492090000 0.245492090000
6 0.021493220000 0.021493220000 0.021493220000 0.000000000000 0.132488410000 0.132488410000 0.132488410000 0.245492090000 0.245492090000 0.245492090000
7 0.132488410000 0.132488410000 0.132488410000 0.132488410000 0.000000000000 0.051943440000 0.051943440000 0.245492080000 0.245492080000 0.245492080000
3 0.132488410000 0.132488410000 0.132488410000 0.132488410000 0.051943440000 0.000000000000 0.001512500000 0.245492080000 0.245492080000 0.245492080000
5 0.132488410000 0.132488410000 0.132488410000 0.132488410000 0.051943440000 0.001512500000 0.000000000000 0.245492080000 0.245492080000 0.245492080000
8 0.245492090000 0.245492090000 0.245492090000 0.245492090000 0.245492080000 0.245492080000 0.245492080000 0.000000000000 0.095781100000 0.095781100000
10 0.245492090000 0.245492090000 0.245492090000 0.245492090000 0.245492080000 0.245492080000 0.245492080000 0.095781100000 0.000000000000 0.028848740000
9 0.245492090000 0.245492090000 0.245492090000 0.245492090000 0.245492080000 0.245492080000 0.245492080000 0.095781100000 0.028848740000 0.000000000000
