10
7 0.000000000000 0.046461310000 0.046461310000 0.138969190000 0.138969180000 0.138969180000 0.138969180000 0.261885350000 0.261885350000 0.261885350000
5 0.046461310000 0.000000000000 0.001938000000 0.138969200000 0.138969190000 0.138969190000 0.138969190000 0.261885360000 0.261885360000 0.261885360000
3 0.046461310000 0.001938000000 0.000000000000 0.138969200000 0.138969190000 0.138969190000 0.138969190000 0.261885360000 0.261885360000 0.261885360000
4 0.138969190000 0.138969200000 0.138969200000 0.000000000000 0.017076010000 0.017076010000 0.017076010000 0.261885360000 0.261885360000 0.261885360000
1 0.138969180000 0.138969190000 0.138969190000 0.017076010000 0.000000000000 0.007006980000 0.007006980000 0.261885350000 0.261885350000 0.261885350000
2 0.138969180000 0.138969190000 0.138969190000 0.017076010000 0.007006980000 0.000000000000 0.004757480000 0.261885350000 0.261885350000 0.261885350000
6 0.138969180000 0.138969190000 0.138969190000 0.017076010000 0.007006980000 0.004757480000 0.000000000000 0.261885350000 0.261885350000 0.261885350000
10 0.261885350000 0.261885360000 0.261885360000 0.261885360000 0.261885350000 0.261885350000 0.261885350000 0.000000000000 0.045339280000 0.110012080000
9 0.261885350000 0.261885360000 0.261885360000 0.261885360000 0.261885350000 0.261885350000 0.261885350000 0.045339280000 0.000000000000 0.110012080000
8 0.261885350000 0.261885360000 0.261885360000 0.261885360000 0.261885350000 0.261885350000 0.261885350000 0.110012080000 0.110012080000 0.000000000000
