10
9 0.000000000000 0.028873940000 0.102983700000 0.245322230000 0.245322240000 0.245322240000 0.245322240000 0.245322230000 0.245322230000 0.245322220000
10 0.028873940000 0.000000000000 0.102983700000 0.245322230000 0.245322240000 0.245322240000 0.245322240000 0.245322230000 0.245322230000 0.245322220000
8 0.102983700000 0.102983700000 0.000000000000 0.245322230000 0.245322240000 0.245322240000 0.245322240000 0.245322230000 0.245322230000 0.245322220000
4 0.245322230000 0.245322230000 0.245322230000 0.000000000000 0.009103290000 0.009103290000 0.009103290000 0.142915660000 0.142915660000 0.142915650000
2 0.245322240000 0.245322240000 0.245322240000 0.009103290000 0.000000000000 0.006128060000 0.007766020000 0.142915670000 0.142915670000 0.142915660000
6 0.245322240000 0.245322240000 0.245322240000 0.009103290000 0.006128060000 0.000000000000 0.007766020000 0.142915670000 0.142915670000 0.142915660000
1 0.245322240000 0.245322240000 0.245322240000 0.009103290000 0.007766020000 0.007766020000 0.000000000000 0.142915670000 0.142915670000 0.142915660000
3 0.245322230000 0.245322230000 0.245322230000 0.142915660000 0.142915670000 0.142915670000 0.142915670000 0.000000000000 0.001645100000 0.071020570000
5 0.245322230000 0.245322230000 0.245322230000 0.142915660000 0.142915670000 0.142915670000 0.142915670000 0.001645100000 0.000000000000 0.071020570000
7 0.245322220000 0.245322220000 0.245322220000 0.142915650000 0.142915660000 0.142915660000 0.142915660000 0.071020570000 0.071020570000 0.000000000000
