10
8 0.000000000000 0.096733050000 0.096733050000 0.239012700000 0.239012700000 0.239012700000 0.239012710000 0.239012710000 0.239012700000 0.239012700000
9 0.096733050000 0.000000000000 0.031259560000 0.239012710000 0.239012710000 0.239012710000 0.239012720000 0.239012720000 0.239012710000 0.239012710000
10 0.096733050000 0.031259560000 0.000000000000 0.239012710000 0.239012710000 0.239012710000 0.239012720000 0.239012720000 0.239012710000 0.239012710000
7 0.239012700000 0.239012710000 0.239012710000 0.000000000000 0.054789700000 0.054789700000 0.139226010000 0.139226010000 0.139226000000 0.139226000000
3 0.239012700000 0.239012710000 0.239012710000 0.054789700000 0.000000000000 0.009665740000 0.139226010000 0.139226010000 0.139226000000 0.139226000000
5 0.239012700000 0.239012710000 0.239012710000 0.054789700000 0.009665740000 0.000000000000 0.139226010000 0.139226010000 0.139226000000 0.139226000000
4 0.239012710000 0.239012720000 0.239012720000 0.139226010000 0.139226010000 0.139226010000 0.000000000000 0.014093960000 0.014093950000 0.014093950000
1 0.239012710000 0.239012720000 0.239012720000 0.139226010000 0.139226010000 0.139226010000 0.014093960000 0.000000000000 0.007461150000 0.007461150000
2 0.239012700000 0.239012710000 0.239012710000 0.139226000000 0.139226000000 0.139226000000 0.014093950000 0.007461150000 0.000000000000 0.003333960000
6 0.239012700000 0.239012710000 0.239012710000 0.139226000000 0.139226000000 0.139226000000 0.014093950000 0.007461150000 0.003333960000 0.000000000000
