10
1 0.000000000000 0.006816320000 0.008010640000 0.009957200000 0.140326910000 0.140326910000 0.140326910000 0.240759780000 0.240759780000 0.240759770000
2 0.006816320000 0.000000000000 0.008010640000 0.009957200000 0.140326910000 0.140326910000 0.140326910000 0.240759780000 0.240759780000 0.240759770000
6 0.008010640000 0.008010640000 0.000000000000 0.009957200000 0.140326910000 0.140326910000 0.140326910000 0.240759780000 0.240759780000 0.240759770000
4 0.009957200000 0.009957200000 0.009957200000 0.000000000000 0.140326910000 0.140326910000 0.140326910000 0.240759780000 0.240759780000 0.240759770000
7 0.140326910000 0.140326910000 0.140326910000 0.140326910000 0.000000000000 0.048477840000 0.048477840000 0.240759770000 0.240759770000 0.240759760000
3 0.140326910000 0.140326910000 0.140326910000 0.140326910000 0.048477840000 0.000000000000 0.003186980000 0.240759770000 0.240759770000 0.240759760000
5 0.140326910000 0.140326910000 0.140326910000 0.140326910000 0.048477840000 0.003186980000 0.000000000000 0.240759770000 0.240759770000 0.240759760000
9 0.240759780000 0.240759780000 0.240759780000 0.240759780000 0.240759770000 0.240759770000 0.240759770000 0.000000000000 0.037758600000 0.101067230000
10 0.240759780000 0.240759780000 0.240759780000 0.240759780000 0.240759770000 0.240759770000 0.240759770000 0.037758600000 0.000000000000 0.101067230000
8 0.240759770000 0.240759770000 0.240759770000 0.240759770000 0.240759760000 0.240759760000 0.240759760000 0.101067230000 0.101067230000 0.000000000000
