10
7 0.000000000000 0.048835640000 0.048835640000 0.136506340000 0.136506340000 0.136506350000 0.136506350000 0.238096020000 0.238096020000 0.238096020000
3 0.048835640000 0.000000000000 0.001350700000 0.136506340000 0.136506340000 0.136506350000 0.136506350000 0.238096020000 0.238096020000 0.238096020000
5 0.048835640000 0.001350700000 0.000000000000 0.136506340000 0.136506340000 0.136506350000 0.136506350000 0.238096020000 0.238096020000 0.238096020000
4 0.136506340000 0.136506340000 0.136506340000 0.000000000000 0.015052500000 0.015052510000 0.015052510000 0.238096020000 0.238096020000 0.238096020000
1 0.136506340000 0.136506340000 0.136506340000 0.015052500000 0.000000000000 0.005843650000 0.005843650000 0.238096020000 0.238096020000 0.238096020000
6 0.136506350000 0.136506350000 0.136506350000 0.015052510000 0.005843650000 0.000000000000 0.003187380000 0.238096030000 0.238096030000 0.238096030000
2 0.136506350000 0.136506350000 0.136506350000 0.015052510000 0.005843650000 0.003187380000 0.000000000000 0.238096030000 0.238096030000 0.238096030000
8 0.238096020000 0.238096020000 0.238096020000 0.238096020000 0.238096020000 0.238096030000 0.238096030000 0.000000000000 0.096471720000 0.096471720000
10 0.238096020000 0.238096020000 0.238096020000 0.238096020000 0.238096020000 0.238096030000 0.238096030000 0.096471720000 0.000000000000 0.029430640000
9 0.238096020000 0.238096020000 0.238096020000 0.238096020000 0.238096020000 0.238096030000 0.238096030000 0.096471720000 0.029430640000 0.000000000000
