10
1 0.000000000000 0.011537160000 0.011537160000 0.014632920000 0.140404200000 0.140404200000 0.140404200000 0.238549840000 0.238549840000 0.238549840000
6 0.011537160000 0.000000000000 0.003432380000 0.014632920000 0.140404200000 0.140404200000 0.140404200000 0.238549840000 0.238549840000 0.238549840000
2 0.011537160000 0.003432380000 0.000000000000 0.014632920000 0.140404200000 0.140404200000 0.140404200000 0.238549840000 0.238549840000 0.238549840000
4 0.014632920000 0.014632920000 0.014632920000 0.000000000000 0.140404200000 0.140404200000 0.140404200000 0.238549840000 0.238549840000 0.238549840000
7 0.140404200000 0.140404200000 0.140404200000 0.140404200000 0.000000000000 0.044876420000 0.044876420000 0.238549840000 0.238549840000 0.238549840000
3 0.140404200000 0.140404200000 0.140404200000 0.140404200000 0.044876420000 0.000000000000 0.015637780000 0.238549840000 0.238549840000 0.238549840000
5 0.140404200000 0.140404200000 0.140404200000 0.140404200000 0.044876420000 0.015637780000 0.000000000000 0.238549840000 0.238549840000 0.238549840000
8 0.238549840000 0.238549840000 0.238549840000 0.238549840000 0.238549840000 0.238549840000 0.238549840000 0.000000000000 0.095547760000 0.095547760000
10 0.238549840000 0.238549840000 0.238549840000 0.238549840000 0.238549840000 0.238549840000 0.238549840000 0.095547760000 0.000000000000 0.030778540000
9 0.238549840000 0.238549840000 0.238549840000 0.238549840000 0.238549840000 0.238549840000 0.238549840000 0.095547760000 0.030778540000 0.000000000000
