10
8 0.000000000000 0.103671890000 0.103671890000 0.241669840000 0.241669840000 0.241669840000 0.241669840000 0.241669830000 0.241669830000 0.241669840000
9 0.103671890000 0.000000000000 0.027324280000 0.241669830000 0.241669830000 0.241669830000 0.241669830000 0.241669820000 0.241669820000 0.241669830000
10 0.103671890000 0.027324280000 0.000000000000 0.241669830000 0.241669830000 0.241669830000 0.241669830000 0.241669820000 0.241669820000 0.241669830000
3 0.241669840000 0.241669830000 0.241669830000 0.000000000000 0.009923220000 0.062290460000 0.131941000000 0.131940990000 0.131940990000 0.131941000000
5 0.241669840000 0.241669830000 0.241669830000 0.009923220000 0.000000000000 0.062290460000 0.131941000000 0.131940990000 0.131940990000 0.131941000000
7 0.241669840000 0.241669830000 0.241669830000 0.062290460000 0.062290460000 0.000000000000 0.131941000000 0.131940990000 0.131940990000 0.131941000000
4 0.241669840000 0.241669830000 0.241669830000 0.131941000000 0.131941000000 0.131941000000 0.000000000000 0.009498450000 0.009498450000 0.015306820000
6 0.241669830000 0.241669820000 0.241669820000 0.131940990000 0.131940990000 0.131940990000 0.009498450000 0.000000000000 0.003171300000 0.015306810000
2 0.241669830000 0.241669820000 0.241669820000 0.131940990000 0.131940990000 0.131940990000 0.009498450000 0.003171300000 0.000000000000 0.015306810000
1 0.241669840000 0.241669830000 0.241669830000 0.131941000000 0.131941000000 0.131941000000 0.015306820000 0.015306810000 0.015306810000 0.000000000000
