10
7 0.000000000000 0.046707700000 0.046707700000 0.132524540000 0.132524540000 0.132524540000 0.132524540000 0.242153320000 0.242153320000 0.242153320000
3 0.046707700000 0.000000000000 0.004274220000 0.132524540000 0.132524540000 0.132524540000 0.132524540000 0.242153320000 0.242153320000 0.242153320000
5 0.046707700000 0.004274220000 0.000000000000 0.132524540000 0.132524540000 0.132524540000 0.132524540000 0.242153320000 0.242153320000 0.242153320000
2 0.132524540000 0.132524540000 0.132524540000 0.000000000000 0.004798160000 0.009202800000 0.011634800000 0.242153320000 0.242153320000 0.242153320000
6 0.132524540000 0.132524540000 0.132524540000 0.004798160000 0.000000000000 0.009202800000 0.011634800000 0.242153320000 0.242153320000 0.242153320000
4 0.132524540000 0.132524540000 0.132524540000 0.009202800000 0.009202800000 0.000000000000 0.011634800000 0.242153320000 0.242153320000 0.242153320000
1 0.132524540000 0.132524540000 0.132524540000 0.011634800000 0.011634800000 0.011634800000 0.000000000000 0.242153320000 0.242153320000 0.242153320000
8 0.242153320000 0.242153320000 0.242153320000 0.242153320000 0.242153320000 0.242153320000 0.242153320000 0.000000000000 0.098682260000 0.098682260000
10 0.242153320000 0.242153320000 0.242153320000 0.242153320000 0.242153320000 0.242153320000 0.242153320000 0.098682260000 0.000000000000 0.028057840000
9 0.242153320000 0.242153320000 0.242153320000 0.242153320000 0.242153320000 0.242153320000 0.242153320000 0.098682260000 0.028057840000 0.000000000000
