10
10 0.000000000000 0.032153640000 0.098375880000 0.237694170000 0.237694170000 0.237694180000 0.237694180000 0.237694180000 0.237694170000 0.237694170000
9 0.032153640000 0.000000000000 0.098375880000 0.237694170000 0.237694170000 0.237694180000 0.237694180000 0.237694180000 0.237694170000 0.237694170000
8 0.098375880000 0.098375880000 0.000000000000 0.237694170000 0.237694170000 0.237694180000 0.237694180000 0.237694180000 0.237694170000 0.237694170000
5 0.237694170000 0.237694170000 0.237694170000 0.000000000000 0.005779520000 0.046322150000 0.144680470000 0.144680470000 0.144680460000 0.144680460000
3 0.237694170000 0.237694170000 0.237694170000 0.005779520000 0.000000000000 0.046322150000 0.144680470000 0.144680470000 0.144680460000 0.144680460000
7 0.237694180000 0.237694180000 0.237694180000 0.046322150000 0.046322150000 0.000000000000 0.144680480000 0.144680480000 0.144680470000 0.144680470000
1 0.237694180000 0.237694180000 0.237694180000 0.144680470000 0.144680470000 0.144680480000 0.000000000000 0.009324460000 0.015255070000 0.015255070000
4 0.237694180000 0.237694180000 0.237694180000 0.144680470000 0.144680470000 0.144680480000 0.009324460000 0.000000000000 0.015255070000 0.015255070000
6 0.237694170000 0.237694170000 0.237694170000 0.144680460000 0.144680460000 0.144680470000 0.015255070000 0.015255070000 0.000000000000 0.003928780000
2 0.237694170000 0.237694170000 0.237694170000 0.144680460000 0.144680460000 0.144680470000 0.015255070000 0.015255070000 0.003928780000 0.000000000000
