10
8 0.0000 208175.5214 208175.5214 208175.5214 1411733.7985 2243916.6313 2788834.9043 4000000.0000 4000000.0000 4000000.0000
5 208175.5214 0.0000 82027.9922 126780.5746 1411733.7985 2243916.6313 2788834.9043 4000000.0000 4000000.0000 4000000.0000
10 208175.5214 82027.9922 0.0000 126780.5746 1411733.7985 2243916.6313 2788834.9043 4000000.0000 4000000.0000 4000000.0000
9 208175.5214 126780.5746 126780.5746 0.0000 1411733.7985 2243916.6313 2788834.9043 4000000.0000 4000000.0000 4000000.0000
6 1411733.7985 1411733.7985 1411733.7985 1411733.7985 0.0000 2243916.6313 2788834.9043 4000000.0000 4000000.0000 4000000.0000
4 2243916.6313 2243916.6313 2243916.6313 2243916.6313 2243916.6313 0.0000 2788834.9043 4000000.0000 4000000.0000 4000000.0000
7 2788834.9043 2788834.9043 2788834.9043 2788834.9043 2788834.9043 2788834.9043 0.0000 4000000.0000 4000000.0000 4000000.0000
2 4000000.0000 4000000.0000 4000000.0000 4000000.0000 4000000.0000 4000000.0000 4000000.0000 0.0000 868033.6599 868033.6599
1 4000000.0000 4000000.0000 4000000.0000 4000000.0000 4000000.0000 4000000.0000 4000000.0000 868033.6599 0.0000 743522.6106
3 4000000.0000 4000000.0000 4000000.0000 4000000.0000 4000000.0000 4000000.0000 4000000.0000 868033.6599 743522.6106 0.0000
