10
10 0.0000 2407024.7260 2407024.7260 4000000.0000 4000000.0000 4000000.0000 4000000.0000 4000000.0000 4000000.0000 4000000.0000
9 2407024.7260 0.0000 813299.5770 4000000.0000 4000000.0000 4000000.0000 4000000.0000 4000000.0000 4000000.0000 4000000.0000
8 2407024.7260 813299.5770 0.0000 4000000.0000 4000000.0000 4000000.0000 4000000.0000 4000000.0000 4000000.0000 4000000.0000
2 4000000.0000 4000000.0000 4000000.0000 0.0000 840292.5037 3281191.8421 3281191.8421 3281191.8421 3281191.8421 3281191.8421
1 4000000.0000 4000000.0000 4000000.0000 840292.5037 0.0000 3281191.8421 3281191.8421 3281191.8421 3281191.8421 3281191.8421
4 4000000.0000 4000000.0000 4000000.0000 3281191.8421 3281191.8421 0.0000 2749594.2244 2749594.2244 2749594.2244 2749594.2244
5 4000000.0000 4000000.0000 4000000.0000 3281191.8421 3281191.8421 2749594.2244 0.0000 1896817.0151 1896817.0151 1896817.0151
3 4000000.0000 4000000.0000 4000000.0000 3281191.8421 3281191.8421 2749594.2244 1896817.0151 0.0000 1139939.7250 1139939.7250
6 4000000.0000 4000000.0000 4000000.0000 3281191.8421 3281191.8421 2749594.2244 1896817.0151 1139939.7250 0.0000 311946.8067
7 4000000.0000 4000000.0000 4000000.0000 3281191.8421 3281191.8421 2749594.2244 1896817.0151 1139939.7250 311946.8067 0.0000
