10
8 0.000000000000 3939289.439450159669 3939289.439450159669 3939289.439450159669 4000000.000000000000 4000000.000000000000 4000000.000000000000 4000000.000000000000 4000000.000000000000 4000000.000000000000
7 3939289.439450159669 0.000000000000 411919.228053039988 2233814.810459639877 4000000.000000000000 4000000.000000000000 4000000.000000000000 4000000.000000000000 4000000.000000000000 4000000.000000000000
10 3939289.439450159669 411919.228053039988 0.000000000000 2233814.810459639877 4000000.000000000000 4000000.000000000000 4000000.000000000000 4000000.000000000000 4000000.000000000000 4000000.000000000000
9 3939289.439450159669 2233814.810459639877 2233814.810459639877 0.000000000000 4000000.000000000000 4000000.000000000000 4000000.000000000000 4000000.000000000000 4000000.000000000000 4000000.000000000000
5 4000000.000000000000 4000000.000000000000 4000000.000000000000 4000000.000000000000 0.000000000000 2157775.290723400190 2426769.240996760316 2426769.240996760316 2426769.240996760316 2426769.240996760316
6 4000000.000000000000 4000000.000000000000 4000000.000000000000 4000000.000000000000 2157775.290723400190 0.000000000000 2426769.240996760316 2426769.240996760316 2426769.240996760316 2426769.240996760316
4 4000000.000000000000 4000000.000000000000 4000000.000000000000 4000000.000000000000 2426769.240996760316 2426769.240996760316 0.000000000000 482405.990555840021 1268336.804715820123 1650678.661849719938
3 4000000.000000000000 4000000.000000000000 4000000.000000000000 4000000.000000000000 2426769.240996760316 2426769.240996760316 482405.990555840021 0.000000000000 1268336.804715820123 1650678.661849719938
2 4000000.000000000000 4000000.000000000000 4000000.000000000000 4000000.000000000000 2426769.240996760316 2426769.240996760316 1268336.804715820123 1268336.804715820123 0.000000000000 1650678.661849719938
1 4000000.000000000000 4000000.000000000000 4000000.000000000000 4000000.000000000000 2426769.240996760316 2426769.240996760316 1650678.661849719938 1650678.661849719938 1650678.661849719938 0.000000000000
