10
8 0.0000 534403.6349 3399886.2595 4000000.0000 4000000.0000 4000000.0000 4000000.0000 4000000.0000 4000000.0000 4000000.0000
9 534403.6349 0.0000 3399886.2595 4000000.0000 4000000.0000 4000000.0000 4000000.0000 4000000.0000 4000000.0000 4000000.0000
10 3399886.2595 3399886.2595 0.0000 4000000.0000 4000000.0000 4000000.0000 4000000.0000 4000000.0000 4000000.0000 4000000.0000
6 4000000.0000 4000000.0000 4000000.0000 0.0000 1124239.6102 2050795.0995 2050795.0995 2050795.0995 2050795.0995 3263021.5255
3 4000000.0000 4000000.0000 4000000.0000 1124239.6102 0.0000 2050795.0995 2050795.0995 2050795.0995 2050795.0995 3263021.5255
4 4000000.0000 4000000.0000 4000000.0000 2050795.0995 2050795.0995 0.0000 1052782.5075 1052782.5075 1052782.5075 3263021.5255
2 4000000.0000 4000000.0000 4000000.0000 2050795.0995 2050795.0995 1052782.5075 0.0000 343452.2500 343452.2500 3263021.5255
1 4000000.0000 4000000.0000 4000000.0000 2050795.0995 2050795.0995 1052782.5075 343452.2500 0.0000 63905.9918 3263021.5255
5 4000000.0000 4000000.0000 4000000.0000 2050795.0995 2050795.0995 1052782.5075 343452.2500 63905.9918 0.0000 3263021.5255
7 4000000.0000 4000000.0000 4000000.0000 3263021.5255 3263021.5255 3263021.5255 3263021.5255 3263021.5255 3263021.5255 0.0000
