10
9 0.000000000000 1300694.430918900063 3999999.999999989755 3999999.999999989755 3999999.999999989755 3999999.999999989755 3999999.999999989755 4000000.000000000000 4000000.000000000000 4000000.000000000000
10 1300694.430918900063 0.000000000000 3999999.999999989755 3999999.999999989755 3999999.999999989755 3999999.999999989755 3999999.999999989755 4000000.000000000000 4000000.000000000000 4000000.000000000000
2 3999999.999999989755 3999999.999999989755 0.000000000000 449466.598258459999 1224047.186958339997 1224047.186958339997 1224047.186958339997 1346554.157777189976 1346554.157777189976 1346554.157777189976
7 3999999.999999989755 3999999.999999989755 449466.598258459999 0.000000000000 1224047.186958339997 1224047.186958339997 1224047.186958339997 1346554.157777189976 1346554.157777189976 1346554.157777189976
5 3999999.999999989755 3999999.999999989755 1224047.186958339997 1224047.186958339997 0.000000000000 1137753.312975540059 1137753.312975540059 1346554.157777189976 1346554.157777189976 1346554.157777189976
1 3999999.999999989755 3999999.999999989755 1224047.186958339997 1224047.186958339997 1137753.312975540059 0.000000000000 197789.399569759989 1346554.157777189976 1346554.157777189976 1346554.157777189976
6 3999999.999999989755 3999999.999999989755 1224047.186958339997 1224047.186958339997 1137753.312975540059 197789.399569759989 0.000000000000 1346554.157777189976 1346554.157777189976 1346554.157777189976
3 4000000.000000000000 4000000.000000000000 1346554.157777189976 1346554.157777189976 1346554.157777189976 1346554.157777189976 1346554.157777189976 0.000000000000 993689.551400879980 993689.551400879980
8 4000000.000000000000 4000000.000000000000 1346554.157777189976 1346554.157777189976 1346554.157777189976 1346554.157777189976 1346554.157777189976 993689.551400879980 0.000000000000 934595.775642659981
4 4000000.000000000000 4000000.000000000000 1346554.157777189976 1346554.157777189976 1346554.157777189976 1346554.157777189976 1346554.157777189976 993689.551400879980 934595.775642659981 0.000000000000
