10
7 0.000000000000 1351066.306247300003 1351066.306247300003 1351066.306247300003 1351066.306247300003 4000000.000000000000 4000000.000000000000 3999999.999999989755 3999999.999999989755 4000000.000000000000
9 1351066.306247300003 0.000000000000 1251531.668942400254 1251531.668942400254 1251531.668942400021 4000000.000000000000 4000000.000000000000 3999999.999999989755 3999999.999999989755 4000000.000000000000
8 1351066.306247300003 1251531.668942400254 0.000000000000 349361.669309340010 678013.076628460083 4000000.000000000000 4000000.000000000000 3999999.999999989755 3999999.999999989755 4000000.000000000000
10 1351066.306247300003 1251531.668942400254 349361.669309340010 0.000000000000 678013.076628460083 4000000.000000000000 4000000.000000000000 3999999.999999989755 3999999.999999989755 4000000.000000000000
6 1351066.306247300003 1251531.668942400021 678013.076628460083 678013.076628460083 0.000000000000 4000000.000000000000 4000000.000000000000 3999999.999999989755 3999999.999999989755 4000000.000000000000
3 4000000.000000000000 4000000.000000000000 4000000.000000000000 4000000.000000000000 4000000.000000000000 0.000000000000 713190.572183000040 1994411.856146429898 1994411.856146429898 1994411.856146439910
1 4000000.000000000000 4000000.000000000000 4000000.000000000000 4000000.000000000000 4000000.000000000000 713190.572183000040 0.000000000000 1994411.856146429898 1994411.856146429898 1994411.856146439910
4 3999999.999999989755 3999999.999999989755 3999999.999999989755 3999999.999999989755 3999999.999999989755 1994411.856146429898 1994411.856146429898 0.000000000000 654075.825082979980 1229729.138352890033
5 3999999.999999989755 3999999.999999989755 3999999.999999989755 3999999.999999989755 3999999.999999989755 1994411.856146429898 1994411.856146429898 654075.825082979980 0.000000000000 1229729.138352890033
2 4000000.000000000000 4000000.000000000000 4000000.000000000000 4000000.000000000000 4000000.000000000000 1994411.856146439910 1994411.856146439910 1229729.138352890033 1229729.138352890033 0.000000000000
