10
8 0.000000000000 208175.521382929990 208175.521382929990 208175.521382940002 1411733.798493300099 2243916.631348400377 2788834.904335009865 4000000.000000010245 4000000.000000010245 4000000.000000010245
5 208175.521382929990 0.000000000000 82027.992171780003 126780.574596990002 1411733.798493290087 2243916.631348390132 2788834.904334999621 4000000.000000000000 4000000.000000000000 4000000.000000000000
10 208175.521382929990 82027.992171780003 0.000000000000 126780.574596990002 1411733.798493290087 2243916.631348390132 2788834.904334999621 4000000.000000000000 4000000.000000000000 4000000.000000000000
9 208175.521382940002 126780.574596990002 126780.574596990002 0.000000000000 1411733.798493300099 2243916.631348400377 2788834.904335009865 4000000.000000010245 4000000.000000010245 4000000.000000010245
6 1411733.798493300099 1411733.798493290087 1411733.798493290087 1411733.798493300099 0.000000000000 2243916.631348400377 2788834.904335009865 4000000.000000010245 4000000.000000010245 4000000.000000010245
4 2243916.631348400377 2243916.631348390132 2243916.631348390132 2243916.631348400377 2243916.631348400377 0.000000000000 2788834.904335009865 4000000.000000010245 4000000.000000010245 4000000.000000010245
7 2788834.904335009865 2788834.904334999621 2788834.904334999621 2788834.904335009865 2788834.904335009865 2788834.904335009865 0.000000000000 4000000.000000000000 4000000.000000000000 4000000.000000000000
2 4000000.000000010245 4000000.000000000000 4000000.000000000000 4000000.000000010245 4000000.000000010245 4000000.000000010245 4000000.000000000000 0.000000000000 868033.659879380022 868033.659879380022
1 4000000.000000010245 4000000.000000000000 4000000.000000000000 4000000.000000010245 4000000.000000010245 4000000.000000010245 4000000.000000000000 868033.659879380022 0.000000000000 743522.610569920042
3 4000000.000000010245 4000000.000000000000 4000000.000000000000 4000000.000000010245 4000000.000000010245 4000000.000000010245 4000000.000000000000 868033.659879380022 743522.610569920042 0.000000000000
