10
10 0.000000000000 986751.859382239985 1906089.055110879941 4000000.000000000000 4000000.000000000000 4000000.000000000000 4000000.000000000000 4000000.000000010245 4000000.000000010245 4000000.000000010245
9 986751.859382239985 0.000000000000 1906089.055110879941 4000000.000000000000 4000000.000000000000 4000000.000000000000 4000000.000000000000 4000000.000000010245 4000000.000000010245 4000000.000000010245
8 1906089.055110879941 1906089.055110879941 0.000000000000 4000000.000000000000 4000000.000000000000 4000000.000000000000 4000000.000000000000 4000000.000000010245 4000000.000000010245 4000000.000000010245
1 4000000.000000000000 4000000.000000000000 4000000.000000000000 0.000000000000 554641.746739440016 1253170.665455860086 3524524.231292259879 3524524.231292270124 3524524.231292270124 3524524.231292270124
4 4000000.000000000000 4000000.000000000000 4000000.000000000000 554641.746739440016 0.000000000000 1253170.665455860086 3524524.231292259879 3524524.231292270124 3524524.231292270124 3524524.231292270124
7 4000000.000000000000 4000000.000000000000 4000000.000000000000 1253170.665455860086 1253170.665455860086 0.000000000000 3524524.231292259879 3524524.231292270124 3524524.231292270124 3524524.231292270124
6 4000000.000000000000 4000000.000000000000 4000000.000000000000 3524524.231292259879 3524524.231292259879 3524524.231292259879 0.000000000000 1503633.182464830112 1503633.182464830112 1503633.182464830112
2 4000000.000000010245 4000000.000000010245 4000000.000000010245 3524524.231292270124 3524524.231292270124 3524524.231292270124 1503633.182464830112 0.000000000000 109427.456422780000 216682.921225180005
3 4000000.000000010245 4000000.000000010245 4000000.000000010245 3524524.231292270124 3524524.231292270124 3524524.231292270124 1503633.182464830112 109427.456422780000 0.000000000000 216682.921225180005
5 4000000.000000010245 4000000.000000010245 4000000.000000010245 3524524.231292270124 3524524.231292270124 3524524.231292270124 1503633.182464830112 216682.921225180005 216682.921225180005 0.000000000000
