10
5 0.000000000000 1553985.983624410117 1553985.983624410117 1553985.983624410117 1553985.983624410117 1553985.983624410117 1553985.983624410117 4000000.000000000000 4000000.000000010245 4000000.000000010245
6 1553985.983624410117 0.000000000000 875618.238953539985 875618.238953539985 875618.238953539985 875618.238953540102 875618.238953540102 4000000.000000010245 4000000.000000020023 4000000.000000020023
4 1553985.983624410117 875618.238953539985 0.000000000000 589305.440823839977 589305.440823839977 833959.419431240065 833959.419431240065 4000000.000000010245 4000000.000000020023 4000000.000000020023
7 1553985.983624410117 875618.238953539985 589305.440823839977 0.000000000000 340848.337949200009 833959.419431240065 833959.419431240065 4000000.000000010245 4000000.000000020023 4000000.000000020023
10 1553985.983624410117 875618.238953539985 589305.440823839977 340848.337949200009 0.000000000000 833959.419431240065 833959.419431240065 4000000.000000010245 4000000.000000020023 4000000.000000020023
9 1553985.983624410117 875618.238953540102 833959.419431240065 833959.419431240065 833959.419431240065 0.000000000000 350941.204254799988 4000000.000000010245 4000000.000000020023 4000000.000000020023
8 1553985.983624410117 875618.238953540102 833959.419431240065 833959.419431240065 833959.419431240065 350941.204254799988 0.000000000000 4000000.000000010245 4000000.000000020023 4000000.000000020023
2 4000000.000000000000 4000000.000000010245 4000000.000000010245 4000000.000000010245 4000000.000000010245 4000000.000000010245 4000000.000000010245 0.000000000000 3337155.707078710198 3337155.707078710198
3 4000000.000000010245 4000000.000000020023 4000000.000000020023 4000000.000000020023 4000000.000000020023 4000000.000000020023 4000000.000000020023 3337155.707078710198 0.000000000000 942744.742312020040
1 4000000.000000010245 4000000.000000020023 4000000.000000020023 4000000.000000020023 4000000.000000020023 4000000.000000020023 4000000.000000020023 3337155.707078710198 942744.742312020040 0.000000000000
