10
8 0.000000000000 2063888.852606530068 2063888.852606530068 2063888.852606530068 2063888.852606530068 4000000.000000000000 4000000.000000000000 4000000.000000010245 4000000.000000010245 4000000.000000010245
7 2063888.852606530068 0.000000000000 754459.480326780002 754459.480326780002 821552.408426759997 4000000.000000010245 4000000.000000010245 4000000.000000020023 4000000.000000020023 4000000.000000020023
6 2063888.852606530068 754459.480326780002 0.000000000000 492266.254445840023 821552.408426759997 4000000.000000010245 4000000.000000010245 4000000.000000020023 4000000.000000020023 4000000.000000020023
10 2063888.852606530068 754459.480326780002 492266.254445840023 0.000000000000 821552.408426759997 4000000.000000010245 4000000.000000010245 4000000.000000020023 4000000.000000020023 4000000.000000020023
9 2063888.852606530068 821552.408426759997 821552.408426759997 821552.408426759997 0.000000000000 4000000.000000010245 4000000.000000010245 4000000.000000020023 4000000.000000020023 4000000.000000020023
4 4000000.000000000000 4000000.000000010245 4000000.000000010245 4000000.000000010245 4000000.000000010245 0.000000000000 1516909.771409240086 3357911.154129509814 3357911.154129509814 3357911.154129509814
5 4000000.000000000000 4000000.000000010245 4000000.000000010245 4000000.000000010245 4000000.000000010245 1516909.771409240086 0.000000000000 3357911.154129509814 3357911.154129509814 3357911.154129509814
2 4000000.000000010245 4000000.000000020023 4000000.000000020023 4000000.000000020023 4000000.000000020023 3357911.154129509814 3357911.154129509814 0.000000000000 355116.535255020019 1721681.068968259962
3 4000000.000000010245 4000000.000000020023 4000000.000000020023 4000000.000000020023 4000000.000000020023 3357911.154129509814 3357911.154129509814 355116.535255020019 0.000000000000 1721681.068968259962
1 4000000.000000010245 4000000.000000020023 4000000.000000020023 4000000.000000020023 4000000.000000020023 3357911.154129509814 3357911.154129509814 1721681.068968259962 1721681.068968259962 0.000000000000
