10
4 0.000000000000 3116825.692343859933 3116825.692343859933 3116825.692343870178 3116825.692343870178 3116825.692343870178 3116825.692343870178 3116825.692343870178 4000000.000000000000 4000000.000000000000
8 3116825.692343859933 0.000000000000 1375791.210542560089 1595040.159193350002 1595040.159193350002 1595040.159193350002 1802523.922172149876 1802523.922172149876 3999999.999999979977 3999999.999999979977
10 3116825.692343859933 1375791.210542560089 0.000000000000 1595040.159193350002 1595040.159193350002 1595040.159193350002 1802523.922172149876 1802523.922172149876 3999999.999999979977 3999999.999999979977
7 3116825.692343870178 1595040.159193350002 1595040.159193350002 0.000000000000 267313.160442500026 1088662.066002940061 1802523.922172159888 1802523.922172159888 3999999.999999989755 3999999.999999989755
9 3116825.692343870178 1595040.159193350002 1595040.159193350002 267313.160442500026 0.000000000000 1088662.066002940061 1802523.922172159888 1802523.922172159888 3999999.999999989755 3999999.999999989755
5 3116825.692343870178 1595040.159193350002 1595040.159193350002 1088662.066002940061 1088662.066002940061 0.000000000000 1802523.922172159888 1802523.922172159888 3999999.999999989755 3999999.999999989755
3 3116825.692343870178 1802523.922172149876 1802523.922172149876 1802523.922172159888 1802523.922172159888 1802523.922172159888 0.000000000000 956703.356825980009 3999999.999999989755 3999999.999999989755
6 3116825.692343870178 1802523.922172149876 1802523.922172149876 1802523.922172159888 1802523.922172159888 1802523.922172159888 956703.356825980009 0.000000000000 3999999.999999989755 3999999.999999989755
1 4000000.000000000000 3999999.999999979977 3999999.999999979977 3999999.999999989755 3999999.999999989755 3999999.999999989755 3999999.999999989755 3999999.999999989755 0.000000000000 3790297.095284699928
2 4000000.000000000000 3999999.999999979977 3999999.999999979977 3999999.999999989755 3999999.999999989755 3999999.999999989755 3999999.999999989755 3999999.999999989755 3790297.095284699928 0.000000000000
