10
8 0.000000000000 534403.634880259982 3399886.259521760046 4000000.000000000000 4000000.000000000000 4000000.000000000000 4000000.000000000000 4000000.000000000000 4000000.000000000000 4000000.000000000000
9 534403.634880259982 0.000000000000 3399886.259521760046 4000000.000000000000 4000000.000000000000 4000000.000000000000 4000000.000000000000 4000000.000000000000 4000000.000000000000 4000000.000000000000
10 3399886.259521760046 3399886.259521760046 0.000000000000 4000000.000000000000 4000000.000000000000 4000000.000000000000 4000000.000000000000 4000000.000000000000 4000000.000000000000 4000000.000000000000
6 4000000.000000000000 4000000.000000000000 4000000.000000000000 0.000000000000 1124239.610238760011 2050795.099456179887 2050795.099456179887 2050795.099456179887 2050795.099456179887 3263021.525465520099
3 4000000.000000000000 4000000.000000000000 4000000.000000000000 1124239.610238760011 0.000000000000 2050795.099456179887 2050795.099456179887 2050795.099456179887 2050795.099456179887 3263021.525465520099
4 4000000.000000000000 4000000.000000000000 4000000.000000000000 2050795.099456179887 2050795.099456179887 0.000000000000 1052782.507535800105 1052782.507535800105 1052782.507535800105 3263021.525465520099
2 4000000.000000000000 4000000.000000000000 4000000.000000000000 2050795.099456179887 2050795.099456179887 1052782.507535800105 0.000000000000 343452.250032440003 343452.250032440003 3263021.525465520099
1 4000000.000000000000 4000000.000000000000 4000000.000000000000 2050795.099456179887 2050795.099456179887 1052782.507535800105 343452.250032440003 0.000000000000 63905.991824359997 3263021.525465520099
5 4000000.000000000000 4000000.000000000000 4000000.000000000000 2050795.099456179887 2050795.099456179887 1052782.507535800105 343452.250032440003 63905.991824359997 0.000000000000 3263021.525465520099
7 4000000.000000000000 4000000.000000000000 4000000.000000000000 3263021.525465520099 3263021.525465520099 3263021.525465520099 3263021.525465520099 3263021.525465520099 3263021.525465520099 0.000000000000
