10
8 0.000000000000 1193085.321248780005 1246598.897291500121 2329917.329961890355 2329917.329961890355 2329917.329961899668 2436509.168668299913 4000000.000000000000 4000000.000000000000 4000000.000000000000
10 1193085.321248780005 0.000000000000 1246598.897291500121 2329917.329961890355 2329917.329961890355 2329917.329961899668 2436509.168668299913 4000000.000000000000 4000000.000000000000 4000000.000000000000
4 1246598.897291500121 1246598.897291500121 0.000000000000 2329917.329961889889 2329917.329961889889 2329917.329961899668 2436509.168668299913 4000000.000000000000 4000000.000000000000 4000000.000000000000
6 2329917.329961890355 2329917.329961890355 2329917.329961889889 0.000000000000 15366.671141340001 1231353.308008969994 2436509.168668289669 3999999.999999989755 3999999.999999989755 3999999.999999989755
9 2329917.329961890355 2329917.329961890355 2329917.329961889889 15366.671141340001 0.000000000000 1231353.308008969994 2436509.168668289669 3999999.999999989755 3999999.999999989755 3999999.999999989755
7 2329917.329961899668 2329917.329961899668 2329917.329961899668 1231353.308008969994 1231353.308008969994 0.000000000000 2436509.168668299913 4000000.000000000000 4000000.000000000000 4000000.000000000000
5 2436509.168668299913 2436509.168668299913 2436509.168668299913 2436509.168668289669 2436509.168668289669 2436509.168668299913 0.000000000000 4000000.000000000000 4000000.000000000000 4000000.000000000000
3 4000000.000000000000 4000000.000000000000 4000000.000000000000 3999999.999999989755 3999999.999999989755 4000000.000000000000 4000000.000000000000 0.000000000000 371349.568863259978 506923.752938279998
1 4000000.000000000000 4000000.000000000000 4000000.000000000000 3999999.999999989755 3999999.999999989755 4000000.000000000000 4000000.000000000000 371349.568863259978 0.000000000000 506923.752938279998
2 4000000.000000000000 4000000.000000000000 4000000.000000000000 3999999.999999989755 3999999.999999989755 4000000.000000000000 4000000.000000000000 506923.752938279998 506923.752938279998 0.000000000000
