10
3 0.000000000000 66831.422746459997 217384.894241479982 1086319.293944539968 3490187.125487439800 3490187.125487439800 3490187.125487439800 3490187.125487439800 3490187.125487439800 4000000.000000000000
2 66831.422746459997 0.000000000000 217384.894241479982 1086319.293944539968 3490187.125487439800 3490187.125487439800 3490187.125487439800 3490187.125487439800 3490187.125487439800 4000000.000000000000
10 217384.894241479982 217384.894241479982 0.000000000000 1086319.293944539968 3490187.125487439800 3490187.125487439800 3490187.125487439800 3490187.125487439800 3490187.125487439800 4000000.000000000000
6 1086319.293944539968 1086319.293944539968 1086319.293944539968 0.000000000000 3490187.125487439800 3490187.125487439800 3490187.125487439800 3490187.125487439800 3490187.125487439800 4000000.000000000000
7 3490187.125487439800 3490187.125487439800 3490187.125487439800 3490187.125487439800 0.000000000000 1426046.371728119906 1561349.438237879891 1561349.438237879891 1561349.438237879891 4000000.000000000000
5 3490187.125487439800 3490187.125487439800 3490187.125487439800 3490187.125487439800 1426046.371728119906 0.000000000000 1561349.438237879891 1561349.438237879891 1561349.438237879891 4000000.000000000000
4 3490187.125487439800 3490187.125487439800 3490187.125487439800 3490187.125487439800 1561349.438237879891 1561349.438237879891 0.000000000000 244246.868581379997 251530.786003199988 4000000.000000000000
8 3490187.125487439800 3490187.125487439800 3490187.125487439800 3490187.125487439800 1561349.438237879891 1561349.438237879891 244246.868581379997 0.000000000000 251530.786003199988 4000000.000000000000
9 3490187.125487439800 3490187.125487439800 3490187.125487439800 3490187.125487439800 1561349.438237879891 1561349.438237879891 251530.786003199988 251530.786003199988 0.000000000000 4000000.000000000000
1 4000000.000000000000 4000000.000000000000 4000000.000000000000 4000000.000000000000 4000000.000000000000 4000000.000000000000 4000000.000000000000 4000000.000000000000 4000000.000000000000 0.000000000000
