10
8 0.0000 2270088.1107 2270088.1107 4000000.0000 4000000.0000 4000000.0000 4000000.0000 4000000.0000 4000000.0000 4000000.0000
10 2270088.1107 0.0000 700657.2991 4000000.0000 4000000.0000 4000000.0000 4000000.0000 4000000.0000 4000000.0000 4000000.0000
9 2270088.1107 700657.2991 0.0000 4000000.0000 4000000.0000 4000000.0000 4000000.0000 4000000.0000 4000000.0000 4000000.0000
6 4000000.0000 4000000.0000 4000000.0000 0.0000 467443.5200 1087303.8826 2855887.9042 2855887.9042 2855887.9042 2855887.9042
1 4000000.0000 4000000.0000 4000000.0000 467443.5200 0.0000 1087303.8826 2855887.9042 2855887.9042 2855887.9042 2855887.9042
4 4000000.0000 4000000.0000 4000000.0000 1087303.8826 1087303.8826 0.0000 2855887.9042 2855887.9042 2855887.9042 2855887.9042
3 4000000.0000 4000000.0000 4000000.0000 2855887.9042 2855887.9042 2855887.9042 0.0000 87110.2913 1411382.5318 1701936.8743
2 4000000.0000 4000000.0000 4000000.0000 2855887.9042 2855887.9042 2855887.9042 87110.2913 0.0000 1411382.5318 1701936.8743
5 4000000.0000 4000000.0000 4000000.0000 2855887.9042 2855887.9042 2855887.9042 1411382.5318 1411382.5318 0.0000 1701936.8743
7 4000000.0000 4000000.0000 4000000.0000 2855887.9042 2855887.9042 2855887.9042 1701936.8743 1701936.8743 1701936.8743 0.0000
