10
6 0.0000 69435.4395 150616.3116 739669.5050 3232660.1445 3232660.1445 3232660.1445 4000000.0000 4000000.0000 4000000.0000
5 69435.4395 0.0000 150616.3116 739669.5050 3232660.1445 3232660.1445 3232660.1445 4000000.0000 4000000.0000 4000000.0000
9 150616.3116 150616.3116 0.0000 739669.5050 3232660.1445 3232660.1445 3232660.1445 4000000.0000 4000000.0000 4000000.0000
10 739669.5050 739669.5050 739669.5050 0.0000 3232660.1445 3232660.1445 3232660.1445 4000000.0000 4000000.0000 4000000.0000
8 3232660.1445 3232660.1445 3232660.1445 3232660.1445 0.0000 1091046.3876 2770631.4434 4000000.0000 4000000.0000 4000000.0000
4 3232660.1445 3232660.1445 3232660.1445 3232660.1445 1091046.3876 0.0000 2770631.4434 4000000.0000 4000000.0000 4000000.0000
7 3232660.1445 3232660.1445 3232660.1445 3232660.1445 2770631.4434 2770631.4434 0.0000 4000000.0000 4000000.0000 4000000.0000
1 4000000.0000 4000000.0000 4000000.0000 4000000.0000 4000000.0000 4000000.0000 4000000.0000 0.0000 1510293.6648 1510293.6648
3 4000000.0000 4000000.0000 4000000.0000 4000000.0000 4000000.0000 4000000.0000 4000000.0000 1510293.6648 0.0000 33671.9112
2 4000000.0000 4000000.0000 4000000.0000 4000000.0000 4000000.0000 4000000.0000 4000000.0000 1510293.6648 33671.9112 0.0000
