10
6 0.0000 44783.5380 2869487.7668 2869487.7668 2869487.7668 2869487.7668 4000000.0000 4000000.0000 4000000.0000 4000000.0000
8 44783.5380 0.0000 2869487.7668 2869487.7668 2869487.7668 2869487.7668 4000000.0000 4000000.0000 4000000.0000 4000000.0000
5 2869487.7668 2869487.7668 0.0000 11293.3722 2815022.5887 2815022.5887 4000000.0000 4000000.0000 4000000.0000 4000000.0000
10 2869487.7668 2869487.7668 11293.3722 0.0000 2815022.5887 2815022.5887 4000000.0000 4000000.0000 4000000.0000 4000000.0000
7 2869487.7668 2869487.7668 2815022.5887 2815022.5887 0.0000 968094.8069 4000000.0000 4000000.0000 4000000.0000 4000000.0000
9 2869487.7668 2869487.7668 2815022.5887 2815022.5887 968094.8069 0.0000 4000000.0000 4000000.0000 4000000.0000 4000000.0000
4 4000000.0000 4000000.0000 4000000.0000 4000000.0000 4000000.0000 4000000.0000 0.0000 2764597.5859 2764597.5859 2764597.5859
2 4000000.0000 4000000.0000 4000000.0000 4000000.0000 4000000.0000 4000000.0000 2764597.5859 0.0000 765157.7976 765157.7976
1 4000000.0000 4000000.0000 4000000.0000 4000000.0000 4000000.0000 4000000.0000 2764597.5859 765157.7976 0.0000 622197.4648
3 4000000.0000 4000000.0000 4000000.0000 4000000.0000 4000000.0000 4000000.0000 2764597.5859 765157.7976 622197.4648 0.0000
