10
10 0.000000000000 4000000.000000000000 4000000.000000000000 4000000.000000000000 4000000.000000000000 4000000.000000000000 4000000.000000000000 4000000.000000000000 4000000.000000009779 4000000.000000009779
2 4000000.000000000000 0.000000000000 2131575.459179200232 2131575.459179200232 2131575.459179200232 2131575.459179200232 2131575.459179200232 2131575.459179200232 2131575.459179210011 2131575.459179210011
9 4000000.000000000000 2131575.459179200232 0.000000000000 356527.546568579972 1948295.564915339928 1948295.564915339928 2118139.759441640228 2118139.759441640228 2118139.759441649541 2118139.759441649541
6 4000000.000000000000 2131575.459179200232 356527.546568579972 0.000000000000 1948295.564915339928 1948295.564915339928 2118139.759441640228 2118139.759441640228 2118139.759441649541 2118139.759441649541
1 4000000.000000000000 2131575.459179200232 1948295.564915339928 1948295.564915339928 0.000000000000 1482802.229702919954 2118139.759441640228 2118139.759441640228 2118139.759441649541 2118139.759441649541
3 4000000.000000000000 2131575.459179200232 1948295.564915339928 1948295.564915339928 1482802.229702919954 0.000000000000 2118139.759441640228 2118139.759441640228 2118139.759441649541 2118139.759441649541
8 4000000.000000000000 2131575.459179200232 2118139.759441640228 2118139.759441640228 2118139.759441640228 2118139.759441640228 0.000000000000 868468.059273099992 976035.275497389957 976035.275497389957
5 4000000.000000000000 2131575.459179200232 2118139.759441640228 2118139.759441640228 2118139.759441640228 2118139.759441640228 868468.059273099992 0.000000000000 976035.275497389957 976035.275497389957
4 4000000.000000009779 2131575.459179210011 2118139.759441649541 2118139.759441649541 2118139.759441649541 2118139.759441649541 976035.275497389957 976035.275497389957 0.000000000000 269107.768682199996
7 4000000.000000009779 2131575.459179210011 2118139.759441649541 2118139.759441649541 2118139.759441649541 2118139.759441649541 976035.275497389957 976035.275497389957 269107.768682199996 0.000000000000
