10
10 0.0000 748132.6884 748132.6884 4000000.0000 4000000.0000 4000000.0000 4000000.0000 4000000.0000 4000000.0000 4000000.0000
9 748132.6884 0.0000 64076.5484 4000000.0000 4000000.0000 4000000.0000 4000000.0000 4000000.0000 4000000.0000 4000000.0000
8 748132.6884 64076.5484 0.0000 4000000.0000 4000000.0000 4000000.0000 4000000.0000 4000000.0000 4000000.0000 4000000.0000
1 4000000.0000 4000000.0000 4000000.0000 0.0000 1267769.4020 1267769.4020 1294069.3769 2919390.0128 2919390.0128 2919390.0128
4 4000000.0000 4000000.0000 4000000.0000 1267769.4020 0.0000 973856.0563 1294069.3769 2919390.0128 2919390.0128 2919390.0128
6 4000000.0000 4000000.0000 4000000.0000 1267769.4020 973856.0563 0.0000 1294069.3769 2919390.0128 2919390.0128 2919390.0128
3 4000000.0000 4000000.0000 4000000.0000 1294069.3769 1294069.3769 1294069.3769 0.0000 2919390.0128 2919390.0128 2919390.0128
5 4000000.0000 4000000.0000 4000000.0000 2919390.0128 2919390.0128 2919390.0128 2919390.0128 0.0000 275745.4400 2611937.8089
7 4000000.0000 4000000.0000 4000000.0000 2919390.0128 2919390.0128 2919390.0128 2919390.0128 275745.4400 0.0000 2611937.8089
2 4000000.0000 4000000.0000 4000000.0000 2919390.0128 2919390.0128 2919390.0128 2919390.0128 2611937.8089 2611937.8089 0.0000
