10
10 0.0000 4000000.0000 4000000.0000 4000000.0000 4000000.0000 4000000.0000 4000000.0000 4000000.0000 4000000.0000 4000000.0000
5 4000000.0000 0.0000 563772.7037 1504220.6074 1504220.6074 2335050.5311 2335050.5311 2335050.5311 2335050.5311 2335050.5311
1 4000000.0000 563772.7037 0.0000 1504220.6074 1504220.6074 2335050.5311 2335050.5311 2335050.5311 2335050.5311 2335050.5311
8 4000000.0000 1504220.6074 1504220.6074 0.0000 851881.4886 2335050.5311 2335050.5311 2335050.5311 2335050.5311 2335050.5311
2 4000000.0000 1504220.6074 1504220.6074 851881.4886 0.0000 2335050.5311 2335050.5311 2335050.5311 2335050.5311 2335050.5311
4 4000000.0000 2335050.5311 2335050.5311 2335050.5311 2335050.5311 0.0000 494245.9996 494245.9996 779180.9254 953268.8773
7 4000000.0000 2335050.5311 2335050.5311 2335050.5311 2335050.5311 494245.9996 0.0000 118839.6952 779180.9254 953268.8773
6 4000000.0000 2335050.5311 2335050.5311 2335050.5311 2335050.5311 494245.9996 118839.6952 0.0000 779180.9254 953268.8773
3 4000000.0000 2335050.5311 2335050.5311 2335050.5311 2335050.5311 779180.9254 779180.9254 779180.9254 0.0000 953268.8773
9 4000000.0000 2335050.5311 2335050.5311 2335050.5311 2335050.5311 953268.8773 953268.8773 953268.8773 953268.8773 0.0000
