10
8 0.000000000000 308127.903922899975 308127.903922899975 2420311.404799399897 4000000.000000000000 4000000.000000000000 3999999.999999990221 3999999.999999990221 3999999.999999990221 3999999.999999990221
10 308127.903922899975 0.000000000000 39399.924708719998 2420311.404799399897 4000000.000000000000 4000000.000000000000 3999999.999999990221 3999999.999999990221 3999999.999999990221 3999999.999999990221
7 308127.903922899975 39399.924708719998 0.000000000000 2420311.404799399897 4000000.000000000000 4000000.000000000000 3999999.999999990221 3999999.999999990221 3999999.999999990221 3999999.999999990221
9 2420311.404799399897 2420311.404799399897 2420311.404799399897 0.000000000000 4000000.000000000000 4000000.000000000000 3999999.999999990221 3999999.999999990221 3999999.999999990221 3999999.999999990221
3 4000000.000000000000 4000000.000000000000 4000000.000000000000 4000000.000000000000 0.000000000000 652587.723081359989 2438075.442731230054 2438075.442731230054 2438075.442731230054 2438075.442731230054
1 4000000.000000000000 4000000.000000000000 4000000.000000000000 4000000.000000000000 652587.723081359989 0.000000000000 2438075.442731230054 2438075.442731230054 2438075.442731230054 2438075.442731230054
5 3999999.999999990221 3999999.999999990221 3999999.999999990221 3999999.999999990221 2438075.442731230054 2438075.442731230054 0.000000000000 2087733.749990740092 2087733.749990740092 2087733.749990740092
4 3999999.999999990221 3999999.999999990221 3999999.999999990221 3999999.999999990221 2438075.442731230054 2438075.442731230054 2087733.749990740092 0.000000000000 2084029.260642880108 2084029.260642880108
2 3999999.999999990221 3999999.999999990221 3999999.999999990221 3999999.999999990221 2438075.442731230054 2438075.442731230054 2087733.749990740092 2084029.260642880108 0.000000000000 1523531.172219600063
6 3999999.999999990221 3999999.999999990221 3999999.999999990221 3999999.999999990221 2438075.442731230054 2438075.442731230054 2087733.749990740092 2084029.260642880108 1523531.172219600063 0.000000000000
