10
10 0.000000000000 3408258.429588019848 4000000.000000000000 4000000.000000000000 4000000.000000000000 4000000.000000009779 4000000.000000009779 4000000.000000000000 4000000.000000000000 4000000.000000000000
9 3408258.429588019848 0.000000000000 4000000.000000000000 4000000.000000000000 4000000.000000000000 4000000.000000009779 4000000.000000009779 4000000.000000000000 4000000.000000000000 4000000.000000000000
2 4000000.000000000000 4000000.000000000000 0.000000000000 364139.082244060002 2390063.294680779800 2390063.294680790044 2390063.294680790044 2390063.294680779800 3088775.329584499821 3088775.329584499821
5 4000000.000000000000 4000000.000000000000 364139.082244060002 0.000000000000 2390063.294680779800 2390063.294680790044 2390063.294680790044 2390063.294680779800 3088775.329584499821 3088775.329584499821
4 4000000.000000000000 4000000.000000000000 2390063.294680779800 2390063.294680779800 0.000000000000 2103504.786337049678 2103504.786337049678 2103504.786337039899 3088775.329584499821 3088775.329584499821
3 4000000.000000009779 4000000.000000009779 2390063.294680790044 2390063.294680790044 2103504.786337049678 0.000000000000 138897.741721099999 1593174.368186249863 3088775.329584510066 3088775.329584510066
1 4000000.000000009779 4000000.000000009779 2390063.294680790044 2390063.294680790044 2103504.786337049678 138897.741721099999 0.000000000000 1593174.368186249863 3088775.329584510066 3088775.329584510066
8 4000000.000000000000 4000000.000000000000 2390063.294680779800 2390063.294680779800 2103504.786337039899 1593174.368186249863 1593174.368186249863 0.000000000000 3088775.329584499821 3088775.329584499821
6 4000000.000000000000 4000000.000000000000 3088775.329584499821 3088775.329584499821 3088775.329584499821 3088775.329584510066 3088775.329584510066 3088775.329584499821 0.000000000000 1283421.509094859939
7 4000000.000000000000 4000000.000000000000 3088775.329584499821 3088775.329584499821 3088775.329584499821 3088775.329584510066 3088775.329584510066 3088775.329584499821 1283421.509094859939 0.000000000000
