10
8 0.0000 3939289.4395 3939289.4395 3939289.4395 4000000.0000 4000000.0000 4000000.0000 4000000.0000 4000000.0000 4000000.0000
7 3939289.4395 0.0000 411919.2281 2233814.8105 4000000.0000 4000000.0000 4000000.0000 4000000.0000 4000000.0000 4000000.0000
10 3939289.4395 411919.2281 0.0000 2233814.8105 4000000.0000 4000000.0000 4000000.0000 4000000.0000 4000000.0000 4000000.0000
9 3939289.4395 2233814.8105 2233814.8105 0.0000 4000000.0000 4000000.0000 4000000.0000 4000000.0000 4000000.0000 4000000.0000
5 4000000.0000 4000000.0000 4000000.0000 4000000.0000 0.0000 2157775.2907 2426769.2410 2426769.2410 2426769.2410 2426769.2410
6 4000000.0000 4000000.0000 4000000.0000 4000000.0000 2157775.2907 0.0000 2426769.2410 2426769.2410 2426769.2410 2426769.2410
4 4000000.0000 4000000.0000 4000000.0000 4000000.0000 2426769.2410 2426769.2410 0.0000 482405.9906 1268336.8047 1650678.6618
3 4000000.0000 4000000.0000 4000000.0000 4000000.0000 2426769.2410 2426769.2410 482405.9906 0.0000 1268336.8047 1650678.6618
2 4000000.0000 4000000.0000 4000000.0000 4000000.0000 2426769.2410 2426769.2410 1268336.8047 1268336.8047 0.0000 1650678.6618
1 4000000.0000 4000000.0000 4000000.0000 4000000.0000 2426769.2410 2426769.2410 1650678.6618 1650678.6618 1650678.6618 0.0000
