10
8 0.0000 1193085.3212 1246598.8973 2329917.3300 2329917.3300 2329917.3300 2436509.1687 4000000.0000 4000000.0000 4000000.0000
10 1193085.3212 0.0000 1246598.8973 2329917.3300 2329917.3300 2329917.3300 2436509.1687 4000000.0000 4000000.0000 4000000.0000
4 1246598.8973 1246598.8973 0.0000 2329917.3300 2329917.3300 2329917.3300 2436509.1687 4000000.0000 4000000.0000 4000000.0000
6 2329917.3300 2329917.3300 2329917.3300 0.0000 15366.6711 1231353.3080 2436509.1687 4000000.0000 4000000.0000 4000000.0000
9 2329917.3300 2329917.3300 2329917.3300 15366.6711 0.0000 1231353.3080 2436509.1687 4000000.0000 4000000.0000 4000000.0000
7 2329917.3300 2329917.3300 2329917.3300 1231353.3080 1231353.3080 0.0000 2436509.1687 4000000.0000 4000000.0000 4000000.0000
5 2436509.1687 2436509.1687 2436509.1687 2436509.1687 2436509.1687 2436509.1687 0.0000 4000000.0000 4000000.0000 4000000.0000
3 4000000.0000 4000000.0000 4000000.0000 4000000.0000 4000000.0000 4000000.0000 4000000.0000 0.0000 371349.5689 506923.7529
1 4000000.0000 4000000.0000 4000000.0000 4000000.0000 4000000.0000 4000000.0000 4000000.0000 371349.5689 0.0000 506923.7529
2 4000000.0000 4000000.0000 4000000.0000 4000000.0000 4000000.0000 4000000.0000 4000000.0000 506923.7529 506923.7529 0.0000
