10
5 0.0000 1553985.9836 1553985.9836 1553985.9836 1553985.9836 1553985.9836 1553985.9836 4000000.0000 4000000.0000 4000000.0000
6 1553985.9836 0.0000 875618.2390 875618.2390 875618.2390 875618.2390 875618.2390 4000000.0000 4000000.0000 4000000.0000
4 1553985.9836 875618.2390 0.0000 589305.4408 589305.4408 833959.4194 833959.4194 4000000.0000 4000000.0000 4000000.0000
7 1553985.9836 875618.2390 589305.4408 0.0000 340848.3379 833959.4194 833959.4194 4000000.0000 4000000.0000 4000000.0000
10 1553985.9836 875618.2390 589305.4408 340848.3379 0.0000 833959.4194 833959.4194 4000000.0000 4000000.0000 4000000.0000
9 1553985.9836 875618.2390 833959.4194 833959.4194 833959.4194 0.0000 350941.2043 4000000.0000 4000000.0000 4000000.0000
8 1553985.9836 875618.2390 833959.4194 833959.4194 833959.4194 350941.2043 0.0000 4000000.0000 4000000.0000 4000000.0000
2 4000000.0000 4000000.0000 4000000.0000 4000000.0000 4000000.0000 4000000.0000 4000000.0000 0.0000 3337155.7071 3337155.7071
3 4000000.0000 4000000.0000 4000000.0000 4000000.0000 4000000.0000 4000000.0000 4000000.0000 3337155.7071 0.0000 942744.7423
1 4000000.0000 4000000.0000 4000000.0000 4000000.0000 4000000.0000 4000000.0000 4000000.0000 3337155.7071 942744.7423 0.0000
