10
6 0.000000000000 2268582.448404939845 2268582.448404939845 2268582.448404939845 2268582.448404939845 2936512.284450169653 2936512.284450169653 4000000.000000010245 4000000.000000010245 4000000.000000000000
9 2268582.448404939845 0.000000000000 1100006.623778359964 1100006.623778359964 1530828.763581139967 2936512.284450169653 2936512.284450169653 4000000.000000010245 4000000.000000010245 4000000.000000000000
10 2268582.448404939845 1100006.623778359964 0.000000000000 347587.751273419999 1530828.763581139967 2936512.284450169653 2936512.284450169653 4000000.000000010245 4000000.000000010245 4000000.000000000000
5 2268582.448404939845 1100006.623778359964 347587.751273419999 0.000000000000 1530828.763581139967 2936512.284450169653 2936512.284450169653 4000000.000000010245 4000000.000000010245 4000000.000000000000
8 2268582.448404939845 1530828.763581139967 1530828.763581139967 1530828.763581139967 0.000000000000 2936512.284450169653 2936512.284450169653 4000000.000000010245 4000000.000000010245 4000000.000000000000
7 2936512.284450169653 2936512.284450169653 2936512.284450169653 2936512.284450169653 2936512.284450169653 0.000000000000 289454.100243140012 4000000.000000019558 4000000.000000019558 4000000.000000009779
4 2936512.284450169653 2936512.284450169653 2936512.284450169653 2936512.284450169653 2936512.284450169653 289454.100243140012 0.000000000000 4000000.000000019558 4000000.000000019558 4000000.000000009779
2 4000000.000000010245 4000000.000000010245 4000000.000000010245 4000000.000000010245 4000000.000000010245 4000000.000000019558 4000000.000000019558 0.000000000000 2531410.753999039996 3686693.017002729699
3 4000000.000000010245 4000000.000000010245 4000000.000000010245 4000000.000000010245 4000000.000000010245 4000000.000000019558 4000000.000000019558 2531410.753999039996 0.000000000000 3686693.017002729699
1 4000000.000000000000 4000000.000000000000 4000000.000000000000 4000000.000000000000 4000000.000000000000 4000000.000000009779 4000000.000000009779 3686693.017002729699 3686693.017002729699 0.000000000000
