10
6 0.0000 111531.1712 2086689.7343 2086689.7343 2086689.7343 2086689.7343 3127302.8065 3751558.1889 4000000.0000 4000000.0000
3 111531.1712 0.0000 2086689.7343 2086689.7343 2086689.7343 2086689.7343 3127302.8065 3751558.1889 4000000.0000 4000000.0000
9 2086689.7343 2086689.7343 0.0000 245738.7435 1176383.6757 1176383.6757 3127302.8065 3751558.1889 4000000.0000 4000000.0000
7 2086689.7343 2086689.7343 245738.7435 0.0000 1176383.6757 1176383.6757 3127302.8065 3751558.1889 4000000.0000 4000000.0000
10 2086689.7343 2086689.7343 1176383.6757 1176383.6757 0.0000 653002.2323 3127302.8065 3751558.1889 4000000.0000 4000000.0000
4 2086689.7343 2086689.7343 1176383.6757 1176383.6757 653002.2323 0.0000 3127302.8065 3751558.1889 4000000.0000 4000000.0000
5 3127302.8065 3127302.8065 3127302.8065 3127302.8065 3127302.8065 3127302.8065 0.0000 3751558.1889 4000000.0000 4000000.0000
8 3751558.1889 3751558.1889 3751558.1889 3751558.1889 3751558.1889 3751558.1889 3751558.1889 0.0000 4000000.0000 4000000.0000
1 4000000.0000 4000000.0000 4000000.0000 4000000.0000 4000000.0000 4000000.0000 4000000.0000 4000000.0000 0.0000 225226.5960
2 4000000.0000 4000000.0000 4000000.0000 4000000.0000 4000000.0000 4000000.0000 4000000.0000 4000000.0000 225226.5960 0.0000
