10
7 0.000000000000 527621.865323300008 1111742.034927539993 1372462.648914790014 3377434.720421750098 3377434.720421750098 3999999.999999989755 3999999.999999989755 3999999.999999989755 3999999.999999989755
8 527621.865323300008 0.000000000000 1111742.034927539993 1372462.648914790014 3377434.720421750098 3377434.720421750098 3999999.999999989755 3999999.999999989755 3999999.999999989755 3999999.999999989755
5 1111742.034927539993 1111742.034927539993 0.000000000000 1372462.648914790014 3377434.720421750098 3377434.720421750098 3999999.999999989755 3999999.999999989755 3999999.999999989755 3999999.999999989755
10 1372462.648914790014 1372462.648914790014 1372462.648914790014 0.000000000000 3377434.720421760343 3377434.720421760343 4000000.000000000000 4000000.000000000000 4000000.000000000000 4000000.000000000000
6 3377434.720421750098 3377434.720421750098 3377434.720421750098 3377434.720421760343 0.000000000000 1140795.690295859938 4000000.000000000000 4000000.000000000000 4000000.000000000000 4000000.000000000000
9 3377434.720421750098 3377434.720421750098 3377434.720421750098 3377434.720421760343 1140795.690295859938 0.000000000000 4000000.000000000000 4000000.000000000000 4000000.000000000000 4000000.000000000000
2 3999999.999999989755 3999999.999999989755 3999999.999999989755 4000000.000000000000 4000000.000000000000 4000000.000000000000 0.000000000000 741719.443162459997 1790434.105018380098 2064872.639098240063
4 3999999.999999989755 3999999.999999989755 3999999.999999989755 4000000.000000000000 4000000.000000000000 4000000.000000000000 741719.443162459997 0.000000000000 1790434.105018380098 2064872.639098240063
3 3999999.999999989755 3999999.999999989755 3999999.999999989755 4000000.000000000000 4000000.000000000000 4000000.000000000000 1790434.105018380098 1790434.105018380098 0.000000000000 2064872.639098240063
1 3999999.999999989755 3999999.999999989755 3999999.999999989755 4000000.000000000000 4000000.000000000000 4000000.000000000000 2064872.639098240063 2064872.639098240063 2064872.639098240063 0.000000000000
