10
9 0.000000000000 292092.216401199985 4000000.000000009779 4000000.000000009779 4000000.000000000000 4000000.000000009779 4000000.000000009779 4000000.000000010245 4000000.000000010245 4000000.000000009779
10 292092.216401199985 0.000000000000 4000000.000000009779 4000000.000000009779 4000000.000000000000 4000000.000000009779 4000000.000000009779 4000000.000000010245 4000000.000000010245 4000000.000000009779
6 4000000.000000009779 4000000.000000009779 0.000000000000 44577.687938499999 344858.920208049996 1697356.975764459930 2331914.334256339818 2331914.334256339818 2331914.334256339818 2331914.334256339818
7 4000000.000000009779 4000000.000000009779 44577.687938499999 0.000000000000 344858.920208049996 1697356.975764459930 2331914.334256339818 2331914.334256339818 2331914.334256339818 2331914.334256339818
2 4000000.000000000000 4000000.000000000000 344858.920208049996 344858.920208049996 0.000000000000 1697356.975764449919 2331914.334256329574 2331914.334256330039 2331914.334256330039 2331914.334256329574
1 4000000.000000009779 4000000.000000009779 1697356.975764459930 1697356.975764459930 1697356.975764449919 0.000000000000 2331914.334256339818 2331914.334256339818 2331914.334256339818 2331914.334256339818
8 4000000.000000009779 4000000.000000009779 2331914.334256339818 2331914.334256339818 2331914.334256329574 2331914.334256339818 0.000000000000 1043498.300628320081 1043498.300628320081 1316509.981714159949
5 4000000.000000010245 4000000.000000010245 2331914.334256339818 2331914.334256339818 2331914.334256330039 2331914.334256339818 1043498.300628320081 0.000000000000 429719.808823700005 1316509.981714160182
4 4000000.000000010245 4000000.000000010245 2331914.334256339818 2331914.334256339818 2331914.334256330039 2331914.334256339818 1043498.300628320081 429719.808823700005 0.000000000000 1316509.981714160182
3 4000000.000000009779 4000000.000000009779 2331914.334256339818 2331914.334256339818 2331914.334256329574 2331914.334256339818 1316509.981714159949 1316509.981714160182 1316509.981714160182 0.000000000000
