10
8 0.000000000000 763382.408486480010 2287551.819384369999 2287551.819384369999 4000000.000000010245 4000000.000000010245 4000000.000000010245 4000000.000000009779 4000000.000000009779 4000000.000000009779
10 763382.408486480010 0.000000000000 2287551.819384369999 2287551.819384369999 4000000.000000010245 4000000.000000010245 4000000.000000010245 4000000.000000009779 4000000.000000009779 4000000.000000009779
9 2287551.819384369999 2287551.819384369999 0.000000000000 1729953.608109280001 4000000.000000000000 4000000.000000000000 4000000.000000000000 4000000.000000000000 4000000.000000000000 4000000.000000000000
7 2287551.819384369999 2287551.819384369999 1729953.608109280001 0.000000000000 4000000.000000000000 4000000.000000000000 4000000.000000000000 4000000.000000000000 4000000.000000000000 4000000.000000000000
1 4000000.000000010245 4000000.000000010245 4000000.000000000000 4000000.000000000000 0.000000000000 1727940.053623340093 1727940.053623340093 2284226.779655540362 2284226.779655540362 2580589.351947540417
5 4000000.000000010245 4000000.000000010245 4000000.000000000000 4000000.000000000000 1727940.053623340093 0.000000000000 381358.559964879998 2284226.779655540362 2284226.779655540362 2580589.351947540417
6 4000000.000000010245 4000000.000000010245 4000000.000000000000 4000000.000000000000 1727940.053623340093 381358.559964879998 0.000000000000 2284226.779655540362 2284226.779655540362 2580589.351947540417
2 4000000.000000009779 4000000.000000009779 4000000.000000000000 4000000.000000000000 2284226.779655540362 2284226.779655540362 2284226.779655540362 0.000000000000 2127515.756496519782 2580589.351947539952
4 4000000.000000009779 4000000.000000009779 4000000.000000000000 4000000.000000000000 2284226.779655540362 2284226.779655540362 2284226.779655540362 2127515.756496519782 0.000000000000 2580589.351947539952
3 4000000.000000009779 4000000.000000009779 4000000.000000000000 4000000.000000000000 2580589.351947540417 2580589.351947540417 2580589.351947540417 2580589.351947539952 2580589.351947539952 0.000000000000
