10
10 0.0000 3565544.8636 3565544.8636 4000000.0000 4000000.0000 4000000.0000 4000000.0000 4000000.0000 4000000.0000 4000000.0000
8 3565544.8636 0.0000 613687.7027 4000000.0000 4000000.0000 4000000.0000 4000000.0000 4000000.0000 4000000.0000 4000000.0000
9 3565544.8636 613687.7027 0.0000 4000000.0000 4000000.0000 4000000.0000 4000000.0000 4000000.0000 4000000.0000 4000000.0000
4 4000000.0000 4000000.0000 4000000.0000 0.0000 1112920.5283 1112920.5283 1112920.5283 1197474.4878 2649089.7549 2649089.7549
6 4000000.0000 4000000.0000 4000000.0000 1112920.5283 0.0000 236127.6979 929059.9438 1197474.4878 2649089.7549 2649089.7549
2 4000000.0000 4000000.0000 4000000.0000 1112920.5283 236127.6979 0.0000 929059.9438 1197474.4878 2649089.7549 2649089.7549
5 4000000.0000 4000000.0000 4000000.0000 1112920.5283 929059.9438 929059.9438 0.0000 1197474.4878 2649089.7549 2649089.7549
3 4000000.0000 4000000.0000 4000000.0000 1197474.4878 1197474.4878 1197474.4878 1197474.4878 0.0000 2649089.7549 2649089.7549
1 4000000.0000 4000000.0000 4000000.0000 2649089.7549 2649089.7549 2649089.7549 2649089.7549 2649089.7549 0.0000 707890.6747
7 4000000.0000 4000000.0000 4000000.0000 2649089.7549 2649089.7549 2649089.7549 2649089.7549 2649089.7549 707890.6747 0.0000
