10
5 0.000000000000 593784.160721119959 1878377.187220720109 1878377.187220720109 1878377.187220720109 1878377.187220720109 1878377.187220720109 4000000.000000000000 3999999.999999989755 3999999.999999989755
9 593784.160721119959 0.000000000000 1878377.187220720109 1878377.187220720109 1878377.187220720109 1878377.187220720109 1878377.187220720109 4000000.000000000000 3999999.999999989755 3999999.999999989755
10 1878377.187220720109 1878377.187220720109 0.000000000000 376850.276415319997 376850.276415319997 376850.276415319997 376850.276415319997 4000000.000000000000 3999999.999999989755 3999999.999999989755
6 1878377.187220720109 1878377.187220720109 376850.276415319997 0.000000000000 51441.945523019996 118444.503883319994 118444.503883319994 4000000.000000000000 3999999.999999989755 3999999.999999989755
7 1878377.187220720109 1878377.187220720109 376850.276415319997 51441.945523019996 0.000000000000 118444.503883319994 118444.503883319994 4000000.000000000000 3999999.999999989755 3999999.999999989755
4 1878377.187220720109 1878377.187220720109 376850.276415319997 118444.503883319994 118444.503883319994 0.000000000000 69538.132293920004 4000000.000000000000 3999999.999999989755 3999999.999999989755
8 1878377.187220720109 1878377.187220720109 376850.276415319997 118444.503883319994 118444.503883319994 69538.132293920004 0.000000000000 4000000.000000000000 3999999.999999989755 3999999.999999989755
3 4000000.000000000000 4000000.000000000000 4000000.000000000000 4000000.000000000000 4000000.000000000000 4000000.000000000000 4000000.000000000000 0.000000000000 1141185.570231149904 1141185.570231149904
1 3999999.999999989755 3999999.999999989755 3999999.999999989755 3999999.999999989755 3999999.999999989755 3999999.999999989755 3999999.999999989755 1141185.570231149904 0.000000000000 539584.363599580014
2 3999999.999999989755 3999999.999999989755 3999999.999999989755 3999999.999999989755 3999999.999999989755 3999999.999999989755 3999999.999999989755 1141185.570231149904 539584.363599580014 0.000000000000
