10
10 0.0000 299555.5453 326943.4119 4000000.0000 4000000.0000 4000000.0000 4000000.0000 4000000.0000 4000000.0000 4000000.0000
8 299555.5453 0.0000 326943.4119 4000000.0000 4000000.0000 4000000.0000 4000000.0000 4000000.0000 4000000.0000 4000000.0000
9 326943.4119 326943.4119 0.0000 4000000.0000 4000000.0000 4000000.0000 4000000.0000 4000000.0000 4000000.0000 4000000.0000
1 4000000.0000 4000000.0000 4000000.0000 0.0000 876848.9121 2570511.5292 2570511.5292 2570511.5292 2570511.5292 2570511.5292
5 4000000.0000 4000000.0000 4000000.0000 876848.9121 0.0000 2570511.5292 2570511.5292 2570511.5292 2570511.5292 2570511.5292
2 4000000.0000 4000000.0000 4000000.0000 2570511.5292 2570511.5292 0.0000 1063042.5265 1063042.5265 1063042.5265 1063042.5265
6 4000000.0000 4000000.0000 4000000.0000 2570511.5292 2570511.5292 1063042.5265 0.0000 435449.6242 435449.6242 439435.2219
7 4000000.0000 4000000.0000 4000000.0000 2570511.5292 2570511.5292 1063042.5265 435449.6242 0.0000 323633.3781 439435.2219
4 4000000.0000 4000000.0000 4000000.0000 2570511.5292 2570511.5292 1063042.5265 435449.6242 323633.3781 0.0000 439435.2219
3 4000000.0000 4000000.0000 4000000.0000 2570511.5292 2570511.5292 1063042.5265 439435.2219 439435.2219 439435.2219 0.0000
