10
9 0.0000 292092.2164 4000000.0000 4000000.0000 4000000.0000 4000000.0000 4000000.0000 4000000.0000 4000000.0000 4000000.0000
10 292092.2164 0.0000 4000000.0000 4000000.0000 4000000.0000 4000000.0000 4000000.0000 4000000.0000 4000000.0000 4000000.0000
6 4000000.0000 4000000.0000 0.0000 44577.6879 344858.9202 1697356.9758 2331914.3343 2331914.3343 2331914.3343 2331914.3343
7 4000000.0000 4000000.0000 44577.6879 0.0000 344858.9202 1697356.9758 2331914.3343 2331914.3343 2331914.3343 2331914.3343
2 4000000.0000 4000000.0000 344858.9202 344858.9202 0.0000 1697356.9758 2331914.3343 2331914.3343 2331914.3343 2331914.3343
1 4000000.0000 4000000.0000 1697356.9758 1697356.9758 1697356.9758 0.0000 2331914.3343 2331914.3343 2331914.3343 2331914.3343
8 4000000.0000 4000000.0000 2331914.3343 2331914.3343 2331914.3343 2331914.3343 0.0000 1043498.3006 1043498.3006 1316509.9817
5 4000000.0000 4000000.0000 2331914.3343 2331914.3343 2331914.3343 2331914.3343 1043498.3006 0.0000 429719.8088 1316509.9817
4 4000000.0000 4000000.0000 2331914.3343 2331914.3343 2331914.3343 2331914.3343 1043498.3006 429719.8088 0.0000 1316509.9817
3 4000000.0000 4000000.0000 2331914.3343 2331914.3343 2331914.3343 2331914.3343 1316509.9817 1316509.9817 1316509.9817 0.0000
