10
7 0.000000000000 2016861.977543599904 3380880.616014390253 3380880.616014390253 3380880.616014390253 3380880.616014380008 3380880.616014380008 3380880.616014380008 3380880.616014380008 4000000.000000000000
10 2016861.977543599904 0.000000000000 3380880.616014390253 3380880.616014390253 3380880.616014390253 3380880.616014380008 3380880.616014380008 3380880.616014380008 3380880.616014380008 4000000.000000000000
6 3380880.616014390253 3380880.616014390253 0.000000000000 2323465.846559179947 2323465.846559179947 2323465.846559170168 2323465.846559170168 2323465.846559170168 2323465.846559170168 4000000.000000010245
2 3380880.616014390253 3380880.616014390253 2323465.846559179947 0.000000000000 918399.960203079972 2114849.337448630016 2114849.337448630016 2114849.337448630016 2114849.337448630016 4000000.000000010245
5 3380880.616014390253 3380880.616014390253 2323465.846559179947 918399.960203079972 0.000000000000 2114849.337448630016 2114849.337448630016 2114849.337448630016 2114849.337448630016 4000000.000000010245
3 3380880.616014380008 3380880.616014380008 2323465.846559170168 2114849.337448630016 2114849.337448630016 0.000000000000 307174.852773559978 1178327.625135560054 1178327.625135560054 4000000.000000000000
4 3380880.616014380008 3380880.616014380008 2323465.846559170168 2114849.337448630016 2114849.337448630016 307174.852773559978 0.000000000000 1178327.625135560054 1178327.625135560054 4000000.000000000000
9 3380880.616014380008 3380880.616014380008 2323465.846559170168 2114849.337448630016 2114849.337448630016 1178327.625135560054 1178327.625135560054 0.000000000000 501599.820087499975 4000000.000000000000
8 3380880.616014380008 3380880.616014380008 2323465.846559170168 2114849.337448630016 2114849.337448630016 1178327.625135560054 1178327.625135560054 501599.820087499975 0.000000000000 4000000.000000000000
1 4000000.000000000000 4000000.000000000000 4000000.000000010245 4000000.000000010245 4000000.000000010245 4000000.000000000000 4000000.000000000000 4000000.000000000000 4000000.000000000000 0.000000000000
