10
6 0.000000000000 44783.538027820003 2869487.766772040166 2869487.766772040166 2869487.766772040166 2869487.766772040166 4000000.000000000000 4000000.000000000000 4000000.000000000000 4000000.000000000000
8 44783.538027820003 0.000000000000 2869487.766772040166 2869487.766772040166 2869487.766772040166 2869487.766772040166 4000000.000000000000 4000000.000000000000 4000000.000000000000 4000000.000000000000
5 2869487.766772040166 2869487.766772040166 0.000000000000 11293.372200800000 2815022.588735119905 2815022.588735119905 4000000.000000000000 4000000.000000000000 4000000.000000000000 4000000.000000000000
10 2869487.766772040166 2869487.766772040166 11293.372200800000 0.000000000000 2815022.588735119905 2815022.588735119905 4000000.000000000000 4000000.000000000000 4000000.000000000000 4000000.000000000000
7 2869487.766772040166 2869487.766772040166 2815022.588735119905 2815022.588735119905 0.000000000000 968094.806922020041 4000000.000000000000 4000000.000000000000 4000000.000000000000 4000000.000000000000
9 2869487.766772040166 2869487.766772040166 2815022.588735119905 2815022.588735119905 968094.806922020041 0.000000000000 4000000.000000000000 4000000.000000000000 4000000.000000000000 4000000.000000000000
4 4000000.000000000000 4000000.000000000000 4000000.000000000000 4000000.000000000000 4000000.000000000000 4000000.000000000000 0.000000000000 2764597.585871059913 2764597.585871059913 2764597.585871059913
2 4000000.000000000000 4000000.000000000000 4000000.000000000000 4000000.000000000000 4000000.000000000000 4000000.000000000000 2764597.585871059913 0.000000000000 765157.797633860027 765157.797633860027
1 4000000.000000000000 4000000.000000000000 4000000.000000000000 4000000.000000000000 4000000.000000000000 4000000.000000000000 2764597.585871059913 765157.797633860027 0.000000000000 622197.464761140058
3 4000000.000000000000 4000000.000000000000 4000000.000000000000 4000000.000000000000 4000000.000000000000 4000000.000000000000 2764597.585871059913 765157.797633860027 622197.464761140058 0.000000000000
