10
10 0.0000 4989.7707 4000000.0000 4000000.0000 4000000.0000 4000000.0000 4000000.0000 4000000.0000 4000000.0000 4000000.0000
9 4989.7707 0.0000 4000000.0000 4000000.0000 4000000.0000 4000000.0000 4000000.0000 4000000.0000 4000000.0000 4000000.0000
5 4000000.0000 4000000.0000 0.0000 3184678.5775 3184678.5775 3184678.5775 3184678.5775 3184678.5775 3184678.5775 3184678.5775
2 4000000.0000 4000000.0000 3184678.5775 0.0000 2828982.5797 2828982.5797 2828982.5797 2828982.5797 2828982.5797 2828982.5797
3 4000000.0000 4000000.0000 3184678.5775 2828982.5797 0.0000 1815822.5548 1815822.5548 2099722.8146 2099722.8146 2099722.8146
6 4000000.0000 4000000.0000 3184678.5775 2828982.5797 1815822.5548 0.0000 1109943.3094 2099722.8146 2099722.8146 2099722.8146
4 4000000.0000 4000000.0000 3184678.5775 2828982.5797 1815822.5548 1109943.3094 0.0000 2099722.8146 2099722.8146 2099722.8146
7 4000000.0000 4000000.0000 3184678.5775 2828982.5797 2099722.8146 2099722.8146 2099722.8146 0.0000 122399.0715 1069677.2459
8 4000000.0000 4000000.0000 3184678.5775 2828982.5797 2099722.8146 2099722.8146 2099722.8146 122399.0715 0.0000 1069677.2459
1 4000000.0000 4000000.0000 3184678.5775 2828982.5797 2099722.8146 2099722.8146 2099722.8146 1069677.2459 1069677.2459 0.0000
