10
4 0.000000000000 2342828.884132179897 2342828.884132180363 2342828.884132180363 2342828.884132170118 2342828.884132170118 2342828.884132179897 4000000.000000000000 4000000.000000000000 4000000.000000000000
8 2342828.884132179897 0.000000000000 1128266.825170480181 1128266.825170480181 1128266.825170469936 1128266.825170469936 1128266.825170479948 4000000.000000000000 4000000.000000000000 4000000.000000000000
7 2342828.884132180363 1128266.825170480181 0.000000000000 646324.589572560042 646324.589572550030 646324.589572550030 646324.589572560042 4000000.000000000000 4000000.000000000000 4000000.000000000000
5 2342828.884132180363 1128266.825170480181 646324.589572560042 0.000000000000 574989.862834690022 574989.862834690022 574989.862834699918 4000000.000000000000 4000000.000000000000 4000000.000000000000
10 2342828.884132170118 1128266.825170469936 646324.589572550030 574989.862834690022 0.000000000000 44500.469614319998 152788.083425209974 3999999.999999989755 3999999.999999989755 3999999.999999989755
6 2342828.884132170118 1128266.825170469936 646324.589572550030 574989.862834690022 44500.469614319998 0.000000000000 152788.083425209974 3999999.999999989755 3999999.999999989755 3999999.999999989755
9 2342828.884132179897 1128266.825170479948 646324.589572560042 574989.862834699918 152788.083425209974 152788.083425209974 0.000000000000 4000000.000000000000 4000000.000000000000 4000000.000000000000
2 4000000.000000000000 4000000.000000000000 4000000.000000000000 4000000.000000000000 3999999.999999989755 3999999.999999989755 4000000.000000000000 0.000000000000 114169.846021260004 114169.846021260004
1 4000000.000000000000 4000000.000000000000 4000000.000000000000 4000000.000000000000 3999999.999999989755 3999999.999999989755 4000000.000000000000 114169.846021260004 0.000000000000 67456.488287100001
3 4000000.000000000000 4000000.000000000000 4000000.000000000000 4000000.000000000000 3999999.999999989755 3999999.999999989755 4000000.000000000000 114169.846021260004 67456.488287100001 0.000000000000
