10
8 0.000000000000 2270088.110720019788 2270088.110720019788 3999999.999999989755 3999999.999999989755 3999999.999999989755 3999999.999999989755 3999999.999999989755 4000000.000000000000 4000000.000000000000
10 2270088.110720019788 0.000000000000 700657.299055380048 3999999.999999989755 3999999.999999989755 3999999.999999989755 3999999.999999989755 3999999.999999989755 4000000.000000000000 4000000.000000000000
9 2270088.110720019788 700657.299055380048 0.000000000000 3999999.999999989755 3999999.999999989755 3999999.999999989755 3999999.999999989755 3999999.999999989755 4000000.000000000000 4000000.000000000000
6 3999999.999999989755 3999999.999999989755 3999999.999999989755 0.000000000000 467443.519995320006 1087303.882562079933 2855887.904157700017 2855887.904157700017 2855887.904157710262 2855887.904157710262
1 3999999.999999989755 3999999.999999989755 3999999.999999989755 467443.519995320006 0.000000000000 1087303.882562079933 2855887.904157700017 2855887.904157700017 2855887.904157710262 2855887.904157710262
4 3999999.999999989755 3999999.999999989755 3999999.999999989755 1087303.882562079933 1087303.882562079933 0.000000000000 2855887.904157700017 2855887.904157700017 2855887.904157710262 2855887.904157710262
3 3999999.999999989755 3999999.999999989755 3999999.999999989755 2855887.904157700017 2855887.904157700017 2855887.904157700017 0.000000000000 87110.291337560004 1411382.531828630017 1701936.874281429918
2 3999999.999999989755 3999999.999999989755 3999999.999999989755 2855887.904157700017 2855887.904157700017 2855887.904157700017 87110.291337560004 0.000000000000 1411382.531828630017 1701936.874281429918
5 4000000.000000000000 4000000.000000000000 4000000.000000000000 2855887.904157710262 2855887.904157710262 2855887.904157710262 1411382.531828630017 1411382.531828630017 0.000000000000 1701936.874281439930
7 4000000.000000000000 4000000.000000000000 4000000.000000000000 2855887.904157710262 2855887.904157710262 2855887.904157710262 1701936.874281429918 1701936.874281429918 1701936.874281439930 0.000000000000
