10
3 0.0000 66831.4227 217384.8942 1086319.2939 3490187.1255 3490187.1255 3490187.1255 3490187.1255 3490187.1255 4000000.0000
2 66831.4227 0.0000 217384.8942 1086319.2939 3490187.1255 3490187.1255 3490187.1255 3490187.1255 3490187.1255 4000000.0000
10 217384.8942 217384.8942 0.0000 1086319.2939 3490187.1255 3490187.1255 3490187.1255 3490187.1255 3490187.1255 4000000.0000
6 1086319.2939 1086319.2939 1086319.2939 0.0000 3490187.1255 3490187.1255 3490187.1255 3490187.1255 3490187.1255 4000000.0000
7 3490187.1255 3490187.1255 3490187.1255 3490187.1255 0.0000 1426046.3717 1561349.4382 1561349.4382 1561349.4382 4000000.0000
5 3490187.1255 3490187.1255 3490187.1255 3490187.1255 1426046.3717 0.0000 1561349.4382 1561349.4382 1561349.4382 4000000.0000
4 3490187.1255 3490187.1255 3490187.1255 3490187.1255 1561349.4382 1561349.4382 0.0000 244246.8686 251530.7860 4000000.0000
8 3490187.1255 3490187.1255 3490187.1255 3490187.1255 1561349.4382 1561349.4382 244246.8686 0.0000 251530.7860 4000000.0000
9 3490187.1255 3490187.1255 3490187.1255 3490187.1255 1561349.4382 1561349.4382 251530.7860 251530.7860 0.0000 4000000.0000
1 4000000.0000 4000000.0000 4000000.0000 4000000.0000 4000000.0000 4000000.0000 4000000.0000 4000000.0000 4000000.0000 0.0000
