10
10 0.000000000000 3565544.863618319854 3565544.863618319854 4000000.000000000000 3999999.999999990221 3999999.999999990221 4000000.000000000000 4000000.000000000000 4000000.000000000000 4000000.000000000000
8 3565544.863618319854 0.000000000000 613687.702711579972 4000000.000000000000 3999999.999999990221 3999999.999999990221 4000000.000000000000 4000000.000000000000 4000000.000000000000 4000000.000000000000
9 3565544.863618319854 613687.702711579972 0.000000000000 4000000.000000000000 3999999.999999990221 3999999.999999990221 4000000.000000000000 4000000.000000000000 4000000.000000000000 4000000.000000000000
4 4000000.000000000000 4000000.000000000000 4000000.000000000000 0.000000000000 1112920.528258410050 1112920.528258410050 1112920.528258420061 1197474.487774080131 2649089.754941539839 2649089.754941539839
6 3999999.999999990221 3999999.999999990221 3999999.999999990221 1112920.528258410050 0.000000000000 236127.697859120002 929059.943755110027 1197474.487774069887 2649089.754941530060 2649089.754941530060
2 3999999.999999990221 3999999.999999990221 3999999.999999990221 1112920.528258410050 236127.697859120002 0.000000000000 929059.943755110027 1197474.487774069887 2649089.754941530060 2649089.754941530060
5 4000000.000000000000 4000000.000000000000 4000000.000000000000 1112920.528258420061 929059.943755110027 929059.943755110027 0.000000000000 1197474.487774080131 2649089.754941539839 2649089.754941539839
3 4000000.000000000000 4000000.000000000000 4000000.000000000000 1197474.487774080131 1197474.487774069887 1197474.487774069887 1197474.487774080131 0.000000000000 2649089.754941539839 2649089.754941539839
1 4000000.000000000000 4000000.000000000000 4000000.000000000000 2649089.754941539839 2649089.754941530060 2649089.754941530060 2649089.754941539839 2649089.754941539839 0.000000000000 707890.674668340012
7 4000000.000000000000 4000000.000000000000 4000000.000000000000 2649089.754941539839 2649089.754941530060 2649089.754941530060 2649089.754941539839 2649089.754941539839 707890.674668340012 0.000000000000
