10
5 0.000000000000 2489503.155590550043 2489503.155590550043 2489503.155590550043 2489503.155590550043 2489503.155590550043 2940542.049461649731 2940542.049461649731 2940542.049461649731 4000000.000000000000
10 2489503.155590550043 0.000000000000 921467.566393260029 921467.566393259913 921467.566393259913 1715432.273939480074 2940542.049461659975 2940542.049461659975 2940542.049461659975 4000000.000000010245
6 2489503.155590550043 921467.566393260029 0.000000000000 736158.800322159892 736158.800322159892 1715432.273939480074 2940542.049461659975 2940542.049461659975 2940542.049461659975 4000000.000000010245
8 2489503.155590550043 921467.566393259913 736158.800322159892 0.000000000000 138889.250917339989 1715432.273939480074 2940542.049461659975 2940542.049461659975 2940542.049461659975 4000000.000000010245
2 2489503.155590550043 921467.566393259913 736158.800322159892 138889.250917339989 0.000000000000 1715432.273939480074 2940542.049461659975 2940542.049461659975 2940542.049461659975 4000000.000000010245
4 2489503.155590550043 1715432.273939480074 1715432.273939480074 1715432.273939480074 1715432.273939480074 0.000000000000 2940542.049461659975 2940542.049461659975 2940542.049461659975 4000000.000000010245
9 2940542.049461649731 2940542.049461659975 2940542.049461659975 2940542.049461659975 2940542.049461659975 2940542.049461659975 0.000000000000 5594.411839720000 1775077.020656120032 4000000.000000010245
3 2940542.049461649731 2940542.049461659975 2940542.049461659975 2940542.049461659975 2940542.049461659975 2940542.049461659975 5594.411839720000 0.000000000000 1775077.020656120032 4000000.000000010245
7 2940542.049461649731 2940542.049461659975 2940542.049461659975 2940542.049461659975 2940542.049461659975 2940542.049461659975 1775077.020656120032 1775077.020656120032 0.000000000000 4000000.000000010245
1 4000000.000000000000 4000000.000000010245 4000000.000000010245 4000000.000000010245 4000000.000000010245 4000000.000000010245 4000000.000000010245 4000000.000000010245 4000000.000000010245 0.000000000000
