10
8 0.0000 1133110.5183 3996709.3668 3996709.3668 3996709.3668 3996709.3668 3996709.3668 3996709.3668 4000000.0000 4000000.0000
5 1133110.5183 0.0000 3996709.3668 3996709.3668 3996709.3668 3996709.3668 3996709.3668 3996709.3668 4000000.0000 4000000.0000
9 3996709.3668 3996709.3668 0.0000 5634.1318 479240.8500 479240.8500 1283321.3752 1283321.3752 4000000.0000 4000000.0000
10 3996709.3668 3996709.3668 5634.1318 0.0000 479240.8500 479240.8500 1283321.3752 1283321.3752 4000000.0000 4000000.0000
7 3996709.3668 3996709.3668 479240.8500 479240.8500 0.0000 51701.1309 1283321.3752 1283321.3752 4000000.0000 4000000.0000
6 3996709.3668 3996709.3668 479240.8500 479240.8500 51701.1309 0.0000 1283321.3752 1283321.3752 4000000.0000 4000000.0000
4 3996709.3668 3996709.3668 1283321.3752 1283321.3752 1283321.3752 1283321.3752 0.0000 577102.6322 4000000.0000 4000000.0000
3 3996709.3668 3996709.3668 1283321.3752 1283321.3752 1283321.3752 1283321.3752 577102.6322 0.0000 4000000.0000 4000000.0000
1 4000000.0000 4000000.0000 4000000.0000 4000000.0000 4000000.0000 4000000.0000 4000000.0000 4000000.0000 0.0000 2818607.1304
2 4000000.0000 4000000.0000 4000000.0000 4000000.0000 4000000.0000 4000000.0000 4000000.0000 4000000.0000 2818607.1304 0.0000
