10
6 0.0000 1318723.2654 1395884.2741 1395884.2741 1395884.2741 3354737.0476 3354737.0476 4000000.0000 4000000.0000 4000000.0000
8 1318723.2654 0.0000 1395884.2741 1395884.2741 1395884.2741 3354737.0476 3354737.0476 4000000.0000 4000000.0000 4000000.0000
7 1395884.2741 1395884.2741 0.0000 1162797.3344 1162797.3344 3354737.0476 3354737.0476 4000000.0000 4000000.0000 4000000.0000
4 1395884.2741 1395884.2741 1162797.3344 0.0000 784155.0838 3354737.0476 3354737.0476 4000000.0000 4000000.0000 4000000.0000
9 1395884.2741 1395884.2741 1162797.3344 784155.0838 0.0000 3354737.0476 3354737.0476 4000000.0000 4000000.0000 4000000.0000
5 3354737.0476 3354737.0476 3354737.0476 3354737.0476 3354737.0476 0.0000 1797736.3981 4000000.0000 4000000.0000 4000000.0000
10 3354737.0476 3354737.0476 3354737.0476 3354737.0476 3354737.0476 1797736.3981 0.0000 4000000.0000 4000000.0000 4000000.0000
2 4000000.0000 4000000.0000 4000000.0000 4000000.0000 4000000.0000 4000000.0000 4000000.0000 0.0000 1237712.8173 1237712.8173
1 4000000.0000 4000000.0000 4000000.0000 4000000.0000 4000000.0000 4000000.0000 4000000.0000 1237712.8173 0.0000 928212.8095
3 4000000.0000 4000000.0000 4000000.0000 4000000.0000 4000000.0000 4000000.0000 4000000.0000 1237712.8173 928212.8095 0.0000
