10
10 0.0000 1276196.7642 4000000.0000 4000000.0000 4000000.0000 4000000.0000 4000000.0000 4000000.0000 4000000.0000 4000000.0000
9 1276196.7642 0.0000 4000000.0000 4000000.0000 4000000.0000 4000000.0000 4000000.0000 4000000.0000 4000000.0000 4000000.0000
7 4000000.0000 4000000.0000 0.0000 1052557.1350 1052557.1350 2168432.3676 2168432.3676 2428277.4959 2428277.4959 2428277.4959
1 4000000.0000 4000000.0000 1052557.1350 0.0000 134907.3061 2168432.3676 2168432.3676 2428277.4959 2428277.4959 2428277.4959
6 4000000.0000 4000000.0000 1052557.1350 134907.3061 0.0000 2168432.3676 2168432.3676 2428277.4959 2428277.4959 2428277.4959
4 4000000.0000 4000000.0000 2168432.3676 2168432.3676 2168432.3676 0.0000 1173875.6196 2428277.4959 2428277.4959 2428277.4959
5 4000000.0000 4000000.0000 2168432.3676 2168432.3676 2168432.3676 1173875.6196 0.0000 2428277.4959 2428277.4959 2428277.4959
2 4000000.0000 4000000.0000 2428277.4959 2428277.4959 2428277.4959 2428277.4959 2428277.4959 0.0000 304535.9675 522788.1489
3 4000000.0000 4000000.0000 2428277.4959 2428277.4959 2428277.4959 2428277.4959 2428277.4959 304535.9675 0.0000 522788.1489
8 4000000.0000 4000000.0000 2428277.4959 2428277.4959 2428277.4959 2428277.4959 2428277.4959 522788.1489 522788.1489 0.0000
