10
7 0.0000 453673.6143 1661647.8560 1912834.6183 1912834.6183 1912834.6183 1912834.6183 1912834.6183 1912834.6183 4000000.0000
9 453673.6143 0.0000 1661647.8560 1912834.6183 1912834.6183 1912834.6183 1912834.6183 1912834.6183 1912834.6183 4000000.0000
4 1661647.8560 1661647.8560 0.0000 1912834.6183 1912834.6183 1912834.6183 1912834.6183 1912834.6183 1912834.6183 4000000.0000
5 1912834.6183 1912834.6183 1912834.6183 0.0000 412762.5545 412762.5545 1191835.8479 1191835.8479 1342638.3730 4000000.0000
3 1912834.6183 1912834.6183 1912834.6183 412762.5545 0.0000 383070.6924 1191835.8479 1191835.8479 1342638.3730 4000000.0000
8 1912834.6183 1912834.6183 1912834.6183 412762.5545 383070.6924 0.0000 1191835.8479 1191835.8479 1342638.3730 4000000.0000
10 1912834.6183 1912834.6183 1912834.6183 1191835.8479 1191835.8479 1191835.8479 0.0000 938737.6904 1342638.3730 4000000.0000
6 1912834.6183 1912834.6183 1912834.6183 1191835.8479 1191835.8479 1191835.8479 938737.6904 0.0000 1342638.3730 4000000.0000
2 1912834.6183 1912834.6183 1912834.6183 1342638.3730 1342638.3730 1342638.3730 1342638.3730 1342638.3730 0.0000 4000000.0000
1 4000000.0000 4000000.0000 4000000.0000 4000000.0000 4000000.0000 4000000.0000 4000000.0000 4000000.0000 4000000.0000 0.0000
