10
8 0.0000 763382.4085 2287551.8194 2287551.8194 4000000.0000 4000000.0000 4000000.0000 4000000.0000 4000000.0000 4000000.0000
10 763382.4085 0.0000 2287551.8194 2287551.8194 4000000.0000 4000000.0000 4000000.0000 4000000.0000 4000000.0000 4000000.0000
9 2287551.8194 2287551.8194 0.0000 1729953.6081 4000000.0000 4000000.0000 4000000.0000 4000000.0000 4000000.0000 4000000.0000
7 2287551.8194 2287551.8194 1729953.6081 0.0000 4000000.0000 4000000.0000 4000000.0000 4000000.0000 4000000.0000 4000000.0000
1 4000000.0000 4000000.0000 4000000.0000 4000000.0000 0.0000 1727940.0536 1727940.0536 2284226.7797 2284226.7797 2580589.3519
5 4000000.0000 4000000.0000 4000000.0000 4000000.0000 1727940.0536 0.0000 381358.5600 2284226.7797 2284226.7797 2580589.3519
6 4000000.0000 4000000.0000 4000000.0000 4000000.0000 1727940.0536 381358.5600 0.0000 2284226.7797 2284226.7797 2580589.3519
2 4000000.0000 4000000.0000 4000000.0000 4000000.0000 2284226.7797 2284226.7797 2284226.7797 0.0000 2127515.7565 2580589.3519
4 4000000.0000 4000000.0000 4000000.0000 4000000.0000 2284226.7797 2284226.7797 2284226.7797 2127515.7565 0.0000 2580589.3519
3 4000000.0000 4000000.0000 4000000.0000 4000000.0000 2580589.3519 2580589.3519 2580589.3519 2580589.3519 2580589.3519 0.0000
