10
5 0.0000 2761191.1365 2761191.1365 3148134.0110 3148134.0110 3148134.0110 3148134.0110 3148134.0110 4000000.0000 4000000.0000
4 2761191.1365 0.0000 22923.2813 3148134.0110 3148134.0110 3148134.0110 3148134.0110 3148134.0110 4000000.0000 4000000.0000
3 2761191.1365 22923.2813 0.0000 3148134.0110 3148134.0110 3148134.0110 3148134.0110 3148134.0110 4000000.0000 4000000.0000
10 3148134.0110 3148134.0110 3148134.0110 0.0000 1187282.8994 1187282.8994 1453034.7291 1453034.7291 4000000.0000 4000000.0000
7 3148134.0110 3148134.0110 3148134.0110 1187282.8994 0.0000 263550.7069 1453034.7291 1453034.7291 4000000.0000 4000000.0000
9 3148134.0110 3148134.0110 3148134.0110 1187282.8994 263550.7069 0.0000 1453034.7291 1453034.7291 4000000.0000 4000000.0000
6 3148134.0110 3148134.0110 3148134.0110 1453034.7291 1453034.7291 1453034.7291 0.0000 1220024.5149 4000000.0000 4000000.0000
8 3148134.0110 3148134.0110 3148134.0110 1453034.7291 1453034.7291 1453034.7291 1220024.5149 0.0000 4000000.0000 4000000.0000
2 4000000.0000 4000000.0000 4000000.0000 4000000.0000 4000000.0000 4000000.0000 4000000.0000 4000000.0000 0.0000 1085417.7577
1 4000000.0000 4000000.0000 4000000.0000 4000000.0000 4000000.0000 4000000.0000 4000000.0000 4000000.0000 1085417.7577 0.0000
