10
7 0.0000 1223503.1989 2281898.1090 2281898.1090 2281898.1090 2281898.1090 3883849.6216 3883849.6216 3883849.6216 4000000.0000
3 1223503.1989 0.0000 2281898.1090 2281898.1090 2281898.1090 2281898.1090 3883849.6216 3883849.6216 3883849.6216 4000000.0000
2 2281898.1090 2281898.1090 0.0000 1654718.6894 1654718.6894 1654718.6894 3883849.6216 3883849.6216 3883849.6216 4000000.0000
5 2281898.1090 2281898.1090 1654718.6894 0.0000 1178582.7666 1178582.7666 3883849.6216 3883849.6216 3883849.6216 4000000.0000
4 2281898.1090 2281898.1090 1654718.6894 1178582.7666 0.0000 984106.2950 3883849.6216 3883849.6216 3883849.6216 4000000.0000
10 2281898.1090 2281898.1090 1654718.6894 1178582.7666 984106.2950 0.0000 3883849.6216 3883849.6216 3883849.6216 4000000.0000
9 3883849.6216 3883849.6216 3883849.6216 3883849.6216 3883849.6216 3883849.6216 0.0000 530477.4679 530477.4679 4000000.0000
8 3883849.6216 3883849.6216 3883849.6216 3883849.6216 3883849.6216 3883849.6216 530477.4679 0.0000 259664.6710 4000000.0000
6 3883849.6216 3883849.6216 3883849.6216 3883849.6216 3883849.6216 3883849.6216 530477.4679 259664.6710 0.0000 4000000.0000
1 4000000.0000 4000000.0000 4000000.0000 4000000.0000 4000000.0000 4000000.0000 4000000.0000 4000000.0000 4000000.0000 0.0000
