10
10 0.000000000000 748132.688401019899 748132.688401019899 4000000.000000000000 4000000.000000000000 4000000.000000000000 4000000.000000009779 4000000.000000000000 4000000.000000000000 4000000.000000000000
9 748132.688401019899 0.000000000000 64076.548350199999 4000000.000000000000 4000000.000000000000 4000000.000000000000 4000000.000000009779 4000000.000000000000 4000000.000000000000 4000000.000000000000
8 748132.688401019899 64076.548350199999 0.000000000000 4000000.000000000000 4000000.000000000000 4000000.000000000000 4000000.000000009779 4000000.000000000000 4000000.000000000000 4000000.000000000000
1 4000000.000000000000 4000000.000000000000 4000000.000000000000 0.000000000000 1267769.401968539925 1267769.401968539925 1294069.376940510003 2919390.012836540118 2919390.012836540118 2919390.012836540118
4 4000000.000000000000 4000000.000000000000 4000000.000000000000 1267769.401968539925 0.000000000000 973856.056313459994 1294069.376940510003 2919390.012836540118 2919390.012836540118 2919390.012836540118
6 4000000.000000000000 4000000.000000000000 4000000.000000000000 1267769.401968539925 973856.056313459994 0.000000000000 1294069.376940510003 2919390.012836540118 2919390.012836540118 2919390.012836540118
3 4000000.000000009779 4000000.000000009779 4000000.000000009779 1294069.376940510003 1294069.376940510003 1294069.376940510003 0.000000000000 2919390.012836549897 2919390.012836549897 2919390.012836549897
5 4000000.000000000000 4000000.000000000000 4000000.000000000000 2919390.012836540118 2919390.012836540118 2919390.012836540118 2919390.012836549897 0.000000000000 275745.439987279999 2611937.808903839905
7 4000000.000000000000 4000000.000000000000 4000000.000000000000 2919390.012836540118 2919390.012836540118 2919390.012836540118 2919390.012836549897 275745.439987279999 0.000000000000 2611937.808903839905
2 4000000.000000000000 4000000.000000000000 4000000.000000000000 2919390.012836540118 2919390.012836540118 2919390.012836540118 2919390.012836549897 2611937.808903839905 2611937.808903839905 0.000000000000
