10
6 0.000000000000 1318723.265440739924 1395884.274092440028 1395884.274092430016 1395884.274092430016 3354737.047576779965 3354737.047576779965 4000000.000000000000 4000000.000000000000 4000000.000000000000
8 1318723.265440739924 0.000000000000 1395884.274092440028 1395884.274092430016 1395884.274092430016 3354737.047576779965 3354737.047576779965 4000000.000000000000 4000000.000000000000 4000000.000000000000
7 1395884.274092440028 1395884.274092440028 0.000000000000 1162797.334420510102 1162797.334420510102 3354737.047576779965 3354737.047576779965 4000000.000000000000 4000000.000000000000 4000000.000000000000
4 1395884.274092430016 1395884.274092430016 1162797.334420510102 0.000000000000 784155.083797020023 3354737.047576770186 3354737.047576770186 3999999.999999989755 3999999.999999989755 3999999.999999989755
9 1395884.274092430016 1395884.274092430016 1162797.334420510102 784155.083797020023 0.000000000000 3354737.047576770186 3354737.047576770186 3999999.999999989755 3999999.999999989755 3999999.999999989755
5 3354737.047576779965 3354737.047576779965 3354737.047576779965 3354737.047576770186 3354737.047576770186 0.000000000000 1797736.398064279929 4000000.000000000000 4000000.000000000000 4000000.000000000000
10 3354737.047576779965 3354737.047576779965 3354737.047576779965 3354737.047576770186 3354737.047576770186 1797736.398064279929 0.000000000000 4000000.000000000000 4000000.000000000000 4000000.000000000000
2 4000000.000000000000 4000000.000000000000 4000000.000000000000 3999999.999999989755 3999999.999999989755 4000000.000000000000 4000000.000000000000 0.000000000000 1237712.817326219985 1237712.817326219985
1 4000000.000000000000 4000000.000000000000 4000000.000000000000 3999999.999999989755 3999999.999999989755 4000000.000000000000 4000000.000000000000 1237712.817326219985 0.000000000000 928212.809534000000
3 4000000.000000000000 4000000.000000000000 4000000.000000000000 3999999.999999989755 3999999.999999989755 4000000.000000000000 4000000.000000000000 1237712.817326219985 928212.809534000000 0.000000000000
