10
7 0.000000000000 2230874.591622670181 2230874.591622670181 2230874.591622670181 4000000.000000000000 4000000.000000000000 4000000.000000010245 4000000.000000010245 4000000.000000000000 4000000.000000000000
9 2230874.591622670181 0.000000000000 356706.323054899985 1981383.481577900006 4000000.000000010245 4000000.000000010245 4000000.000000020023 4000000.000000020023 4000000.000000010245 4000000.000000010245
8 2230874.591622670181 356706.323054899985 0.000000000000 1981383.481577900006 4000000.000000010245 4000000.000000010245 4000000.000000020023 4000000.000000020023 4000000.000000010245 4000000.000000010245
10 2230874.591622670181 1981383.481577900006 1981383.481577900006 0.000000000000 4000000.000000010245 4000000.000000010245 4000000.000000020023 4000000.000000020023 4000000.000000010245 4000000.000000010245
6 4000000.000000000000 4000000.000000010245 4000000.000000010245 4000000.000000010245 0.000000000000 248091.973389699997 2609281.204153509811 2609281.204153509811 3957044.219660740346 3957044.219660740346
1 4000000.000000000000 4000000.000000010245 4000000.000000010245 4000000.000000010245 248091.973389699997 0.000000000000 2609281.204153509811 2609281.204153509811 3957044.219660740346 3957044.219660740346
5 4000000.000000010245 4000000.000000020023 4000000.000000020023 4000000.000000020023 2609281.204153509811 2609281.204153509811 0.000000000000 242212.055640000006 3957044.219660749659 3957044.219660749659
4 4000000.000000010245 4000000.000000020023 4000000.000000020023 4000000.000000020023 2609281.204153509811 2609281.204153509811 242212.055640000006 0.000000000000 3957044.219660749659 3957044.219660749659
3 4000000.000000000000 4000000.000000010245 4000000.000000010245 4000000.000000010245 3957044.219660740346 3957044.219660740346 3957044.219660749659 3957044.219660749659 0.000000000000 3917529.301184359938
2 4000000.000000000000 4000000.000000010245 4000000.000000010245 4000000.000000010245 3957044.219660740346 3957044.219660740346 3957044.219660749659 3957044.219660749659 3917529.301184359938 0.000000000000
