10
10 0.0000 1332137.1358 1332137.1358 1487687.2405 1487687.2405 4000000.0000 4000000.0000 4000000.0000 4000000.0000 4000000.0000
6 1332137.1358 0.0000 771485.9031 1487687.2405 1487687.2405 4000000.0000 4000000.0000 4000000.0000 4000000.0000 4000000.0000
9 1332137.1358 771485.9031 0.0000 1487687.2405 1487687.2405 4000000.0000 4000000.0000 4000000.0000 4000000.0000 4000000.0000
7 1487687.2405 1487687.2405 1487687.2405 0.0000 320434.4580 4000000.0000 4000000.0000 4000000.0000 4000000.0000 4000000.0000
8 1487687.2405 1487687.2405 1487687.2405 320434.4580 0.0000 4000000.0000 4000000.0000 4000000.0000 4000000.0000 4000000.0000
5 4000000.0000 4000000.0000 4000000.0000 4000000.0000 4000000.0000 0.0000 405617.9244 1782172.9154 1942613.1656 1942613.1656
4 4000000.0000 4000000.0000 4000000.0000 4000000.0000 4000000.0000 405617.9244 0.0000 1782172.9154 1942613.1656 1942613.1656
2 4000000.0000 4000000.0000 4000000.0000 4000000.0000 4000000.0000 1782172.9154 1782172.9154 0.0000 1942613.1656 1942613.1656
3 4000000.0000 4000000.0000 4000000.0000 4000000.0000 4000000.0000 1942613.1656 1942613.1656 1942613.1656 0.0000 500209.2922
1 4000000.0000 4000000.0000 4000000.0000 4000000.0000 4000000.0000 1942613.1656 1942613.1656 1942613.1656 500209.2922 0.0000
