10
4 0.0000 648545.5987 714147.3604 2124549.5618 2126881.8833 2126881.8833 2126881.8833 2126881.8833 4000000.0000 4000000.0000
6 648545.5987 0.0000 714147.3604 2124549.5618 2126881.8833 2126881.8833 2126881.8833 2126881.8833 4000000.0000 4000000.0000
5 714147.3604 714147.3604 0.0000 2124549.5618 2126881.8833 2126881.8833 2126881.8833 2126881.8833 4000000.0000 4000000.0000
10 2124549.5618 2124549.5618 2124549.5618 0.0000 2126881.8833 2126881.8833 2126881.8833 2126881.8833 4000000.0000 4000000.0000
3 2126881.8833 2126881.8833 2126881.8833 2126881.8833 0.0000 90258.0208 1127462.2586 1262323.6676 4000000.0000 4000000.0000
7 2126881.8833 2126881.8833 2126881.8833 2126881.8833 90258.0208 0.0000 1127462.2586 1262323.6676 4000000.0000 4000000.0000
9 2126881.8833 2126881.8833 2126881.8833 2126881.8833 1127462.2586 1127462.2586 0.0000 1262323.6676 4000000.0000 4000000.0000
8 2126881.8833 2126881.8833 2126881.8833 2126881.8833 1262323.6676 1262323.6676 1262323.6676 0.0000 4000000.0000 4000000.0000
1 4000000.0000 4000000.0000 4000000.0000 4000000.0000 4000000.0000 4000000.0000 4000000.0000 4000000.0000 0.0000 2195813.9460
2 4000000.0000 4000000.0000 4000000.0000 4000000.0000 4000000.0000 4000000.0000 4000000.0000 4000000.0000 2195813.9460 0.0000
