10
9 0.000000000000 492839.756496439979 756887.394349660026 756887.394349660026 1134366.567601060029 1188340.232150460128 1188340.232150460128 4000000.000000000000 4000000.000000000000 4000000.000000000000
4 492839.756496439979 0.000000000000 756887.394349660026 756887.394349660026 1134366.567601060029 1188340.232150460128 1188340.232150460128 4000000.000000000000 4000000.000000000000 4000000.000000000000
8 756887.394349660026 756887.394349660026 0.000000000000 12940.607358100000 1134366.567601060029 1188340.232150460128 1188340.232150460128 4000000.000000000000 4000000.000000000000 4000000.000000000000
5 756887.394349660026 756887.394349660026 12940.607358100000 0.000000000000 1134366.567601060029 1188340.232150460128 1188340.232150460128 4000000.000000000000 4000000.000000000000 4000000.000000000000
6 1134366.567601060029 1134366.567601060029 1134366.567601060029 1134366.567601060029 0.000000000000 1188340.232150460128 1188340.232150460128 4000000.000000000000 4000000.000000000000 4000000.000000000000
10 1188340.232150460128 1188340.232150460128 1188340.232150460128 1188340.232150460128 1188340.232150460128 0.000000000000 868554.239470919943 4000000.000000000000 4000000.000000000000 4000000.000000000000
7 1188340.232150460128 1188340.232150460128 1188340.232150460128 1188340.232150460128 1188340.232150460128 868554.239470919943 0.000000000000 4000000.000000000000 4000000.000000000000 4000000.000000000000
2 4000000.000000000000 4000000.000000000000 4000000.000000000000 4000000.000000000000 4000000.000000000000 4000000.000000000000 4000000.000000000000 0.000000000000 503791.842290160013 2243022.351610240061
3 4000000.000000000000 4000000.000000000000 4000000.000000000000 4000000.000000000000 4000000.000000000000 4000000.000000000000 4000000.000000000000 503791.842290160013 0.000000000000 2243022.351610240061
1 4000000.000000000000 4000000.000000000000 4000000.000000000000 4000000.000000000000 4000000.000000000000 4000000.000000000000 4000000.000000000000 2243022.351610240061 2243022.351610240061 0.000000000000
