10
9 0.0000 1300694.4309 4000000.0000 4000000.0000 4000000.0000 4000000.0000 4000000.0000 4000000.0000 4000000.0000 4000000.0000
10 1300694.4309 0.0000 4000000.0000 4000000.0000 4000000.0000 4000000.0000 4000000.0000 4000000.0000 4000000.0000 4000000.0000
2 4000000.0000 4000000.0000 0.0000 449466.5983 1224047.1870 1224047.1870 1224047.1870 1346554.1578 1346554.1578 1346554.1578
7 4000000.0000 4000000.0000 449466.5983 0.0000 1224047.1870 1224047.1870 1224047.1870 1346554.1578 1346554.1578 1346554.1578
5 4000000.0000 4000000.0000 1224047.1870 1224047.1870 0.0000 1137753.3130 1137753.3130 1346554.1578 1346554.1578 1346554.1578
1 4000000.0000 4000000.0000 1224047.1870 1224047.1870 1137753.3130 0.0000 197789.3996 1346554.1578 1346554.1578 1346554.1578
6 4000000.0000 4000000.0000 1224047.1870 1224047.1870 1137753.3130 197789.3996 0.0000 1346554.1578 1346554.1578 1346554.1578
3 4000000.0000 4000000.0000 1346554.1578 1346554.1578 1346554.1578 1346554.1578 1346554.1578 0.0000 993689.5514 993689.5514
8 4000000.0000 4000000.0000 1346554.1578 1346554.1578 1346554.1578 1346554.1578 1346554.1578 993689.5514 0.0000 934595.7756
4 4000000.0000 4000000.0000 1346554.1578 1346554.1578 1346554.1578 1346554.1578 1346554.1578 993689.5514 934595.7756 0.0000
