10
4 0.0000 2342828.8841 2342828.8841 2342828.8841 2342828.8841 2342828.8841 2342828.8841 4000000.0000 4000000.0000 4000000.0000
8 2342828.8841 0.0000 1128266.8252 1128266.8252 1128266.8252 1128266.8252 1128266.8252 4000000.0000 4000000.0000 4000000.0000
7 2342828.8841 1128266.8252 0.0000 646324.5896 646324.5896 646324.5896 646324.5896 4000000.0000 4000000.0000 4000000.0000
5 2342828.8841 1128266.8252 646324.5896 0.0000 574989.8628 574989.8628 574989.8628 4000000.0000 4000000.0000 4000000.0000
10 2342828.8841 1128266.8252 646324.5896 574989.8628 0.0000 44500.4696 152788.0834 4000000.0000 4000000.0000 4000000.0000
6 2342828.8841 1128266.8252 646324.5896 574989.8628 44500.4696 0.0000 152788.0834 4000000.0000 4000000.0000 4000000.0000
9 2342828.8841 1128266.8252 646324.5896 574989.8628 152788.0834 152788.0834 0.0000 4000000.0000 4000000.0000 4000000.0000
2 4000000.0000 4000000.0000 4000000.0000 4000000.0000 4000000.0000 4000000.0000 4000000.0000 0.0000 114169.8460 114169.8460
1 4000000.0000 4000000.0000 4000000.0000 4000000.0000 4000000.0000 4000000.0000 4000000.0000 114169.8460 0.0000 67456.4883
3 4000000.0000 4000000.0000 4000000.0000 4000000.0000 4000000.0000 4000000.0000 4000000.0000 114169.8460 67456.4883 0.0000
