10
10 0.000000000000 4989.770742480000 4000000.000000000000 4000000.000000000000 4000000.000000000000 3999999.999999999534 3999999.999999999534 4000000.000000000000 4000000.000000000000 4000000.000000000000
9 4989.770742480000 0.000000000000 4000000.000000000000 4000000.000000000000 4000000.000000000000 3999999.999999999534 3999999.999999999534 4000000.000000000000 4000000.000000000000 4000000.000000000000
5 4000000.000000000000 4000000.000000000000 0.000000000000 3184678.577504740097 3184678.577504740097 3184678.577504739631 3184678.577504739631 3184678.577504740097 3184678.577504740097 3184678.577504740097
2 4000000.000000000000 4000000.000000000000 3184678.577504740097 0.000000000000 2828982.579670740291 2828982.579670739360 2828982.579670739360 2828982.579670740291 2828982.579670740291 2828982.579670740291
3 4000000.000000000000 4000000.000000000000 3184678.577504740097 2828982.579670740291 0.000000000000 1815822.554834359791 1815822.554834359791 2099722.814569760114 2099722.814569760114 2099722.814569760114
6 3999999.999999999534 3999999.999999999534 3184678.577504739631 2828982.579670739360 1815822.554834359791 0.000000000000 1109943.309434199939 2099722.814569760114 2099722.814569760114 2099722.814569760114
4 3999999.999999999534 3999999.999999999534 3184678.577504739631 2828982.579670739360 1815822.554834359791 1109943.309434199939 0.000000000000 2099722.814569760114 2099722.814569760114 2099722.814569760114
7 4000000.000000000000 4000000.000000000000 3184678.577504740097 2828982.579670740291 2099722.814569760114 2099722.814569760114 2099722.814569760114 0.000000000000 122399.071523680002 1069677.245889959857
8 4000000.000000000000 4000000.000000000000 3184678.577504740097 2828982.579670740291 2099722.814569760114 2099722.814569760114 2099722.814569760114 122399.071523680002 0.000000000000 1069677.245889959857
1 4000000.000000000000 4000000.000000000000 3184678.577504740097 2828982.579670740291 2099722.814569760114 2099722.814569760114 2099722.814569760114 1069677.245889959857 1069677.245889959857 0.000000000000
