10
7 0.000000000000 453673.614311499987 1661647.855978569947 1912834.618309590034 1912834.618309590034 1912834.618309590034 1912834.618309590034 1912834.618309590034 1912834.618309590034 4000000.000000010245
9 453673.614311499987 0.000000000000 1661647.855978569947 1912834.618309590034 1912834.618309590034 1912834.618309590034 1912834.618309590034 1912834.618309590034 1912834.618309590034 4000000.000000010245
4 1661647.855978569947 1661647.855978569947 0.000000000000 1912834.618309580022 1912834.618309580022 1912834.618309580022 1912834.618309580022 1912834.618309580022 1912834.618309580022 4000000.000000000000
5 1912834.618309590034 1912834.618309590034 1912834.618309580022 0.000000000000 412762.554498660029 412762.554498660029 1191835.847879739944 1191835.847879739944 1342638.373032459989 4000000.000000000000
3 1912834.618309590034 1912834.618309590034 1912834.618309580022 412762.554498660029 0.000000000000 383070.692377239990 1191835.847879739944 1191835.847879739944 1342638.373032459989 4000000.000000000000
8 1912834.618309590034 1912834.618309590034 1912834.618309580022 412762.554498660029 383070.692377239990 0.000000000000 1191835.847879739944 1191835.847879739944 1342638.373032459989 4000000.000000000000
10 1912834.618309590034 1912834.618309590034 1912834.618309580022 1191835.847879739944 1191835.847879739944 1191835.847879739944 0.000000000000 938737.690416379948 1342638.373032459989 4000000.000000000000
6 1912834.618309590034 1912834.618309590034 1912834.618309580022 1191835.847879739944 1191835.847879739944 1191835.847879739944 938737.690416379948 0.000000000000 1342638.373032459989 4000000.000000000000
2 1912834.618309590034 1912834.618309590034 1912834.618309580022 1342638.373032459989 1342638.373032459989 1342638.373032459989 1342638.373032459989 1342638.373032459989 0.000000000000 4000000.000000000000
1 4000000.000000010245 4000000.000000010245 4000000.000000000000 4000000.000000000000 4000000.000000000000 4000000.000000000000 4000000.000000000000 4000000.000000000000 4000000.000000000000 0.000000000000
