10
7 0.0000 2230874.5916 2230874.5916 2230874.5916 4000000.0000 4000000.0000 4000000.0000 4000000.0000 4000000.0000 4000000.0000
9 2230874.5916 0.0000 356706.3231 1981383.4816 4000000.0000 4000000.0000 4000000.0000 4000000.0000 4000000.0000 4000000.0000
8 2230874.5916 356706.3231 0.0000 1981383.4816 4000000.0000 4000000.0000 4000000.0000 4000000.0000 4000000.0000 4000000.0000
10 2230874.5916 1981383.4816 1981383.4816 0.0000 4000000.0000 4000000.0000 4000000.0000 4000000.0000 4000000.0000 4000000.0000
6 4000000.0000 4000000.0000 4000000.0000 4000000.0000 0.0000 248091.9734 2609281.2042 2609281.2042 3957044.2197 3957044.2197
1 4000000.0000 4000000.0000 4000000.0000 4000000.0000 248091.9734 0.0000 2609281.2042 2609281.2042 3957044.2197 3957044.2197
5 4000000.0000 4000000.0000 4000000.0000 4000000.0000 2609281.2042 2609281.2042 0.0000 242212.0556 3957044.2197 3957044.2197
4 4000000.0000 4000000.0000 4000000.0000 4000000.0000 2609281.2042 2609281.2042 242212.0556 0.0000 3957044.2197 3957044.2197
3 4000000.0000 4000000.0000 4000000.0000 4000000.0000 3957044.2197 3957044.2197 3957044.2197 3957044.2197 0.0000 3917529.3012
2 4000000.0000 4000000.0000 4000000.0000 4000000.0000 3957044.2197 3957044.2197 3957044.2197 3957044.2197 3917529.3012 0.0000
