10
10 0.000000000000 299555.545343080012 326943.411861539993 4000000.000000000000 4000000.000000000000 4000000.000000000000 4000000.000000000000 4000000.000000000000 4000000.000000000000 4000000.000000000000
8 299555.545343080012 0.000000000000 326943.411861539993 4000000.000000000000 4000000.000000000000 4000000.000000000000 4000000.000000000000 4000000.000000000000 4000000.000000000000 4000000.000000000000
9 326943.411861539993 326943.411861539993 0.000000000000 4000000.000000000000 4000000.000000000000 4000000.000000000000 4000000.000000000000 4000000.000000000000 4000000.000000000000 4000000.000000000000
1 4000000.000000000000 4000000.000000000000 4000000.000000000000 0.000000000000 876848.912102279952 2570511.529151800089 2570511.529151800089 2570511.529151800089 2570511.529151800089 2570511.529151800089
5 4000000.000000000000 4000000.000000000000 4000000.000000000000 876848.912102279952 0.000000000000 2570511.529151800089 2570511.529151800089 2570511.529151800089 2570511.529151800089 2570511.529151800089
2 4000000.000000000000 4000000.000000000000 4000000.000000000000 2570511.529151800089 2570511.529151800089 0.000000000000 1063042.526460700203 1063042.526460700203 1063042.526460700203 1063042.526460699970
6 4000000.000000000000 4000000.000000000000 4000000.000000000000 2570511.529151800089 2570511.529151800089 1063042.526460700203 0.000000000000 435449.624210380018 435449.624210380018 439435.221889600041
7 4000000.000000000000 4000000.000000000000 4000000.000000000000 2570511.529151800089 2570511.529151800089 1063042.526460700203 435449.624210380018 0.000000000000 323633.378129419987 439435.221889600041
4 4000000.000000000000 4000000.000000000000 4000000.000000000000 2570511.529151800089 2570511.529151800089 1063042.526460700203 435449.624210380018 323633.378129419987 0.000000000000 439435.221889600041
3 4000000.000000000000 4000000.000000000000 4000000.000000000000 2570511.529151800089 2570511.529151800089 1063042.526460699970 439435.221889600041 439435.221889600041 439435.221889600041 0.000000000000
