10
7 0.0000 2016861.9775 3380880.6160 3380880.6160 3380880.6160 3380880.6160 3380880.6160 3380880.6160 3380880.6160 4000000.0000
10 2016861.9775 0.0000 3380880.6160 3380880.6160 3380880.6160 3380880.6160 3380880.6160 3380880.6160 3380880.6160 4000000.0000
6 3380880.6160 3380880.6160 0.0000 2323465.8466 2323465.8466 2323465.8466 2323465.8466 2323465.8466 2323465.8466 4000000.0000
2 3380880.6160 3380880.6160 2323465.8466 0.0000 918399.9602 2114849.3374 2114849.3374 2114849.3374 2114849.3374 4000000.0000
5 3380880.6160 3380880.6160 2323465.8466 918399.9602 0.0000 2114849.3374 2114849.3374 2114849.3374 2114849.3374 4000000.0000
3 3380880.6160 3380880.6160 2323465.8466 2114849.3374 2114849.3374 0.0000 307174.8528 1178327.6251 1178327.6251 4000000.0000
4 3380880.6160 3380880.6160 2323465.8466 2114849.3374 2114849.3374 307174.8528 0.0000 1178327.6251 1178327.6251 4000000.0000
9 3380880.6160 3380880.6160 2323465.8466 2114849.3374 2114849.3374 1178327.6251 1178327.6251 0.0000 501599.8201 4000000.0000
8 3380880.6160 3380880.6160 2323465.8466 2114849.3374 2114849.3374 1178327.6251 1178327.6251 501599.8201 0.0000 4000000.0000
1 4000000.0000 4000000.0000 4000000.0000 4000000.0000 4000000.0000 4000000.0000 4000000.0000 4000000.0000 4000000.0000 0.0000
