10
10 0.000000000000 1526912.388675380033 1526912.388675380033 4000000.000000000000 4000000.000000000000 4000000.000000010245 4000000.000000010245 4000000.000000000000 4000000.000000000000 4000000.000000000000
8 1526912.388675380033 0.000000000000 818840.171312400023 4000000.000000000000 4000000.000000000000 4000000.000000010245 4000000.000000010245 4000000.000000000000 4000000.000000000000 4000000.000000000000
9 1526912.388675380033 818840.171312400023 0.000000000000 4000000.000000000000 4000000.000000000000 4000000.000000010245 4000000.000000010245 4000000.000000000000 4000000.000000000000 4000000.000000000000
2 4000000.000000000000 4000000.000000000000 4000000.000000000000 0.000000000000 1683066.061013620114 2719165.946090269834 2719165.946090269834 2941837.048200380057 2941837.048200380057 2941837.048200380057
3 4000000.000000000000 4000000.000000000000 4000000.000000000000 1683066.061013620114 0.000000000000 2719165.946090269834 2719165.946090269834 2941837.048200380057 2941837.048200380057 2941837.048200380057
7 4000000.000000010245 4000000.000000010245 4000000.000000010245 2719165.946090269834 2719165.946090269834 0.000000000000 2210503.082167820074 2941837.048200390302 2941837.048200390302 2941837.048200390302
1 4000000.000000010245 4000000.000000010245 4000000.000000010245 2719165.946090269834 2719165.946090269834 2210503.082167820074 0.000000000000 2941837.048200390302 2941837.048200390302 2941837.048200390302
5 4000000.000000000000 4000000.000000000000 4000000.000000000000 2941837.048200380057 2941837.048200380057 2941837.048200390302 2941837.048200390302 0.000000000000 1006433.504323419998 1207616.739797340007
6 4000000.000000000000 4000000.000000000000 4000000.000000000000 2941837.048200380057 2941837.048200380057 2941837.048200390302 2941837.048200390302 1006433.504323419998 0.000000000000 1207616.739797340007
4 4000000.000000000000 4000000.000000000000 4000000.000000000000 2941837.048200380057 2941837.048200380057 2941837.048200390302 2941837.048200390302 1207616.739797340007 1207616.739797340007 0.000000000000
