10
10 0.000000000000 4000000.000000000000 4000000.000000000000 4000000.000000000000 4000000.000000000000 3999999.999999989755 4000000.000000000000 4000000.000000000000 4000000.000000000000 4000000.000000000000
3 4000000.000000000000 0.000000000000 3757757.780817280058 3845703.841880219989 3845703.841880219989 3845703.841880209744 3845703.841880219989 3845703.841880219989 3845703.841880219989 3845703.841880219989
8 4000000.000000000000 3757757.780817280058 0.000000000000 3845703.841880219989 3845703.841880219989 3845703.841880209744 3845703.841880219989 3845703.841880219989 3845703.841880219989 3845703.841880219989
2 4000000.000000000000 3845703.841880219989 3845703.841880219989 0.000000000000 527822.313924159971 815661.193552309880 1517800.345020439941 1517800.345020439941 1517800.345020439941 3738027.234746759757
9 4000000.000000000000 3845703.841880219989 3845703.841880219989 527822.313924159971 0.000000000000 815661.193552309880 1517800.345020439941 1517800.345020439941 1517800.345020439941 3738027.234746759757
5 3999999.999999989755 3845703.841880209744 3845703.841880209744 815661.193552309880 815661.193552309880 0.000000000000 1517800.345020429930 1517800.345020429930 1517800.345020429930 3738027.234746749979
4 4000000.000000000000 3845703.841880219989 3845703.841880219989 1517800.345020439941 1517800.345020439941 1517800.345020429930 0.000000000000 422992.371417900024 1153776.077285160078 3738027.234746759757
1 4000000.000000000000 3845703.841880219989 3845703.841880219989 1517800.345020439941 1517800.345020439941 1517800.345020429930 422992.371417900024 0.000000000000 1153776.077285160078 3738027.234746759757
6 4000000.000000000000 3845703.841880219989 3845703.841880219989 1517800.345020439941 1517800.345020439941 1517800.345020429930 1153776.077285160078 1153776.077285160078 0.000000000000 3738027.234746759757
7 4000000.000000000000 3845703.841880219989 3845703.841880219989 3738027.234746759757 3738027.234746759757 3738027.234746749979 3738027.234746759757 3738027.234746759757 3738027.234746759757 0.000000000000
