10
10 0.000000000000 2407024.725980820134 2407024.725980820134 4000000.000000000000 4000000.000000000000 4000000.000000000000 4000000.000000000000 3999999.999999989755 3999999.999999989755 3999999.999999989755
9 2407024.725980820134 0.000000000000 813299.576979579986 4000000.000000000000 4000000.000000000000 4000000.000000000000 4000000.000000000000 3999999.999999989755 3999999.999999989755 3999999.999999989755
8 2407024.725980820134 813299.576979579986 0.000000000000 4000000.000000000000 4000000.000000000000 4000000.000000000000 4000000.000000000000 3999999.999999989755 3999999.999999989755 3999999.999999989755
2 4000000.000000000000 4000000.000000000000 4000000.000000000000 0.000000000000 840292.503711240017 3281191.842101559974 3281191.842101559974 3281191.842101549730 3281191.842101549730 3281191.842101549730
1 4000000.000000000000 4000000.000000000000 4000000.000000000000 840292.503711240017 0.000000000000 3281191.842101559974 3281191.842101559974 3281191.842101549730 3281191.842101549730 3281191.842101549730
4 4000000.000000000000 4000000.000000000000 4000000.000000000000 3281191.842101559974 3281191.842101559974 0.000000000000 2749594.224436420016 2749594.224436409771 2749594.224436409771 2749594.224436409771
5 4000000.000000000000 4000000.000000000000 4000000.000000000000 3281191.842101559974 3281191.842101559974 2749594.224436420016 0.000000000000 1896817.015111210058 1896817.015111210058 1896817.015111210058
3 3999999.999999989755 3999999.999999989755 3999999.999999989755 3281191.842101549730 3281191.842101549730 2749594.224436409771 1896817.015111210058 0.000000000000 1139939.724954719888 1139939.724954719888
6 3999999.999999989755 3999999.999999989755 3999999.999999989755 3281191.842101549730 3281191.842101549730 2749594.224436409771 1896817.015111210058 1139939.724954719888 0.000000000000 311946.806747280003
7 3999999.999999989755 3999999.999999989755 3999999.999999989755 3281191.842101549730 3281191.842101549730 2749594.224436409771 1896817.015111210058 1139939.724954719888 311946.806747280003 0.000000000000
