10
7 0.0000 1351066.3062 1351066.3062 1351066.3062 1351066.3062 4000000.0000 4000000.0000 4000000.0000 4000000.0000 4000000.0000
9 1351066.3062 0.0000 1251531.6689 1251531.6689 1251531.6689 4000000.0000 4000000.0000 4000000.0000 4000000.0000 4000000.0000
8 1351066.3062 1251531.6689 0.0000 349361.6693 678013.0766 4000000.0000 4000000.0000 4000000.0000 4000000.0000 4000000.0000
10 1351066.3062 1251531.6689 349361.6693 0.0000 678013.0766 4000000.0000 4000000.0000 4000000.0000 4000000.0000 4000000.0000
6 1351066.3062 1251531.6689 678013.0766 678013.0766 0.0000 4000000.0000 4000000.0000 4000000.0000 4000000.0000 4000000.0000
3 4000000.0000 4000000.0000 4000000.0000 4000000.0000 4000000.0000 0.0000 713190.5722 1994411.8561 1994411.8561 1994411.8561
1 4000000.0000 4000000.0000 4000000.0000 4000000.0000 4000000.0000 713190.5722 0.0000 1994411.8561 1994411.8561 1994411.8561
4 4000000.0000 4000000.0000 4000000.0000 4000000.0000 4000000.0000 1994411.8561 1994411.8561 0.0000 654075.8251 1229729.1384
5 4000000.0000 4000000.0000 4000000.0000 4000000.0000 4000000.0000 1994411.8561 1994411.8561 654075.8251 0.0000 1229729.1384
2 4000000.0000 4000000.0000 4000000.0000 4000000.0000 4000000.0000 1994411.8561 1994411.8561 1229729.1384 1229729.1384 0.0000
