10
4 0.000000000000 648545.598696399946 714147.360436260002 2124549.561814799905 2126881.883271200117 2126881.883271200117 2126881.883271190338 2126881.883271190338 4000000.000000010245 4000000.000000010245
6 648545.598696399946 0.000000000000 714147.360436260002 2124549.561814799905 2126881.883271200117 2126881.883271200117 2126881.883271190338 2126881.883271190338 4000000.000000010245 4000000.000000010245
5 714147.360436260002 714147.360436260002 0.000000000000 2124549.561814799905 2126881.883271200117 2126881.883271200117 2126881.883271190338 2126881.883271190338 4000000.000000010245 4000000.000000010245
10 2124549.561814799905 2124549.561814799905 2124549.561814799905 0.000000000000 2126881.883271200117 2126881.883271200117 2126881.883271190338 2126881.883271190338 4000000.000000010245 4000000.000000010245
3 2126881.883271200117 2126881.883271200117 2126881.883271200117 2126881.883271200117 0.000000000000 90258.020766360001 1127462.258612710051 1262323.667609910015 4000000.000000010245 4000000.000000010245
7 2126881.883271200117 2126881.883271200117 2126881.883271200117 2126881.883271200117 90258.020766360001 0.000000000000 1127462.258612710051 1262323.667609910015 4000000.000000010245 4000000.000000010245
9 2126881.883271190338 2126881.883271190338 2126881.883271190338 2126881.883271190338 1127462.258612710051 1127462.258612710051 0.000000000000 1262323.667609900003 4000000.000000000000 4000000.000000000000
8 2126881.883271190338 2126881.883271190338 2126881.883271190338 2126881.883271190338 1262323.667609910015 1262323.667609910015 1262323.667609900003 0.000000000000 4000000.000000000000 4000000.000000000000
1 4000000.000000010245 4000000.000000010245 4000000.000000010245 4000000.000000010245 4000000.000000010245 4000000.000000010245 4000000.000000000000 4000000.000000000000 0.000000000000 2195813.945970959961
2 4000000.000000010245 4000000.000000010245 4000000.000000010245 4000000.000000010245 4000000.000000010245 4000000.000000010245 4000000.000000000000 4000000.000000000000 2195813.945970959961 0.000000000000
