10
6 0.0000 2268582.4484 2268582.4484 2268582.4484 2268582.4484 2936512.2845 2936512.2845 4000000.0000 4000000.0000 4000000.0000
9 2268582.4484 0.0000 1100006.6238 1100006.6238 1530828.7636 2936512.2845 2936512.2845 4000000.0000 4000000.0000 4000000.0000
10 2268582.4484 1100006.6238 0.0000 347587.7513 1530828.7636 2936512.2845 2936512.2845 4000000.0000 4000000.0000 4000000.0000
5 2268582.4484 1100006.6238 347587.7513 0.0000 1530828.7636 2936512.2845 2936512.2845 4000000.0000 4000000.0000 4000000.0000
8 2268582.4484 1530828.7636 1530828.7636 1530828.7636 0.0000 2936512.2845 2936512.2845 4000000.0000 4000000.0000 4000000.0000
7 2936512.2845 2936512.2845 2936512.2845 2936512.2845 2936512.2845 0.0000 289454.1002 4000000.0000 4000000.0000 4000000.0000
4 2936512.2845 2936512.2845 2936512.2845 2936512.2845 2936512.2845 289454.1002 0.0000 4000000.0000 4000000.0000 4000000.0000
2 4000000.0000 4000000.0000 4000000.0000 4000000.0000 4000000.0000 4000000.0000 4000000.0000 0.0000 2531410.7540 3686693.0170
3 4000000.0000 4000000.0000 4000000.0000 4000000.0000 4000000.0000 4000000.0000 4000000.0000 2531410.7540 0.0000 3686693.0170
1 4000000.0000 4000000.0000 4000000.0000 4000000.0000 4000000.0000 4000000.0000 4000000.0000 3686693.0170 3686693.0170 0.0000
