10
7 0.0000 527621.8653 1111742.0349 1372462.6489 3377434.7204 3377434.7204 4000000.0000 4000000.0000 4000000.0000 4000000.0000
8 527621.8653 0.0000 1111742.0349 1372462.6489 3377434.7204 3377434.7204 4000000.0000 4000000.0000 4000000.0000 4000000.0000
5 1111742.0349 1111742.0349 0.0000 1372462.6489 3377434.7204 3377434.7204 4000000.0000 4000000.0000 4000000.0000 4000000.0000
10 1372462.6489 1372462.6489 1372462.6489 0.0000 3377434.7204 3377434.7204 4000000.0000 4000000.0000 4000000.0000 4000000.0000
6 3377434.7204 3377434.7204 3377434.7204 3377434.7204 0.0000 1140795.6903 4000000.0000 4000000.0000 4000000.0000 4000000.0000
9 3377434.7204 3377434.7204 3377434.7204 3377434.7204 1140795.6903 0.0000 4000000.0000 4000000.0000 4000000.0000 4000000.0000
2 4000000.0000 4000000.0000 4000000.0000 4000000.0000 4000000.0000 4000000.0000 0.0000 741719.4432 1790434.1050 2064872.6391
4 4000000.0000 4000000.0000 4000000.0000 4000000.0000 4000000.0000 4000000.0000 741719.4432 0.0000 1790434.1050 2064872.6391
3 4000000.0000 4000000.0000 4000000.0000 4000000.0000 4000000.0000 4000000.0000 1790434.1050 1790434.1050 0.0000 2064872.6391
1 4000000.0000 4000000.0000 4000000.0000 4000000.0000 4000000.0000 4000000.0000 2064872.6391 2064872.6391 2064872.6391 0.0000
