10
8 0.000000000000 1133110.518277379917 3996709.366784039885 3996709.366784039885 3996709.366784039885 3996709.366784039885 3996709.366784039885 3996709.366784039885 4000000.000000000000 4000000.000000000000
5 1133110.518277379917 0.000000000000 3996709.366784039885 3996709.366784039885 3996709.366784039885 3996709.366784039885 3996709.366784039885 3996709.366784039885 4000000.000000000000 4000000.000000000000
9 3996709.366784039885 3996709.366784039885 0.000000000000 5634.131771760000 479240.849965720030 479240.849965720030 1283321.375175559893 1283321.375175559893 4000000.000000000000 4000000.000000000000
10 3996709.366784039885 3996709.366784039885 5634.131771760000 0.000000000000 479240.849965720030 479240.849965720030 1283321.375175559893 1283321.375175559893 4000000.000000000000 4000000.000000000000
7 3996709.366784039885 3996709.366784039885 479240.849965720030 479240.849965720030 0.000000000000 51701.130884179998 1283321.375175559893 1283321.375175559893 4000000.000000000000 4000000.000000000000
6 3996709.366784039885 3996709.366784039885 479240.849965720030 479240.849965720030 51701.130884179998 0.000000000000 1283321.375175559893 1283321.375175559893 4000000.000000000000 4000000.000000000000
4 3996709.366784039885 3996709.366784039885 1283321.375175559893 1283321.375175559893 1283321.375175559893 1283321.375175559893 0.000000000000 577102.632181160036 4000000.000000000000 4000000.000000000000
3 3996709.366784039885 3996709.366784039885 1283321.375175559893 1283321.375175559893 1283321.375175559893 1283321.375175559893 577102.632181160036 0.000000000000 4000000.000000000000 4000000.000000000000
1 4000000.000000000000 4000000.000000000000 4000000.000000000000 4000000.000000000000 4000000.000000000000 4000000.000000000000 4000000.000000000000 4000000.000000000000 0.000000000000 2818607.130407779943
2 4000000.000000000000 4000000.000000000000 4000000.000000000000 4000000.000000000000 4000000.000000000000 4000000.000000000000 4000000.000000000000 4000000.000000000000 2818607.130407779943 0.000000000000
