10
8 0.0000 2063888.8526 2063888.8526 2063888.8526 2063888.8526 4000000.0000 4000000.0000 4000000.0000 4000000.0000 4000000.0000
7 2063888.8526 0.0000 754459.4803 754459.4803 821552.4084 4000000.0000 4000000.0000 4000000.0000 4000000.0000 4000000.0000
6 2063888.8526 754459.4803 0.0000 492266.2544 821552.4084 4000000.0000 4000000.0000 4000000.0000 4000000.0000 4000000.0000
10 2063888.8526 754459.4803 492266.2544 0.0000 821552.4084 4000000.0000 4000000.0000 4000000.0000 4000000.0000 4000000.0000
9 2063888.8526 821552.4084 821552.4084 821552.4084 0.0000 4000000.0000 4000000.0000 4000000.0000 4000000.0000 4000000.0000
4 4000000.0000 4000000.0000 4000000.0000 4000000.0000 4000000.0000 0.0000 1516909.7714 3357911.1541 3357911.1541 3357911.1541
5 4000000.0000 4000000.0000 4000000.0000 4000000.0000 4000000.0000 1516909.7714 0.0000 3357911.1541 3357911.1541 3357911.1541
2 4000000.0000 4000000.0000 4000000.0000 4000000.0000 4000000.0000 3357911.1541 3357911.1541 0.0000 355116.5353 1721681.0690
3 4000000.0000 4000000.0000 4000000.0000 4000000.0000 4000000.0000 3357911.1541 3357911.1541 355116.5353 0.0000 1721681.0690
1 4000000.0000 4000000.0000 4000000.0000 4000000.0000 4000000.0000 3357911.1541 3357911.1541 1721681.0690 1721681.0690 0.0000
