10
8 0.0000 308127.9039 308127.9039 2420311.4048 4000000.0000 4000000.0000 4000000.0000 4000000.0000 4000000.0000 4000000.0000
10 308127.9039 0.0000 39399.9247 2420311.4048 4000000.0000 4000000.0000 4000000.0000 4000000.0000 4000000.0000 4000000.0000
7 308127.9039 39399.9247 0.0000 2420311.4048 4000000.0000 4000000.0000 4000000.0000 4000000.0000 4000000.0000 4000000.0000
9 2420311.4048 2420311.4048 2420311.4048 0.0000 4000000.0000 4000000.0000 4000000.0000 4000000.0000 4000000.0000 4000000.0000
3 4000000.0000 4000000.0000 4000000.0000 4000000.0000 0.0000 652587.7231 2438075.4427 2438075.4427 2438075.4427 2438075.4427
1 4000000.0000 4000000.0000 4000000.0000 4000000.0000 652587.7231 0.0000 2438075.4427 2438075.4427 2438075.4427 2438075.4427
5 4000000.0000 4000000.0000 4000000.0000 4000000.0000 2438075.4427 2438075.4427 0.0000 2087733.7500 2087733.7500 2087733.7500
4 4000000.0000 4000000.0000 4000000.0000 4000000.0000 2438075.4427 2438075.4427 2087733.7500 0.0000 2084029.2606 2084029.2606
2 4000000.0000 4000000.0000 4000000.0000 4000000.0000 2438075.4427 2438075.4427 2087733.7500 2084029.2606 0.0000 1523531.1722
6 4000000.0000 4000000.0000 4000000.0000 4000000.0000 2438075.4427 2438075.4427 2087733.7500 2084029.2606 1523531.1722 0.0000
