10
10 0.000000000000 4000000.000000010245 4000000.000000010245 4000000.000000010245 4000000.000000010245 4000000.000000010245 4000000.000000009779 4000000.000000009779 4000000.000000010245 4000000.000000000000
7 4000000.000000010245 0.000000000000 1115993.215456220089 2087060.197762920056 2087060.197762920056 2336646.222683980130 2521924.943440339528 2521924.943440339528 2521924.943440339994 3378545.335751989856
5 4000000.000000010245 1115993.215456220089 0.000000000000 2087060.197762920056 2087060.197762920056 2336646.222683980130 2521924.943440339528 2521924.943440339528 2521924.943440339994 3378545.335751989856
9 4000000.000000010245 2087060.197762920056 2087060.197762920056 0.000000000000 1874166.052297340007 2336646.222683980130 2521924.943440339528 2521924.943440339528 2521924.943440339994 3378545.335751989856
8 4000000.000000010245 2087060.197762920056 2087060.197762920056 1874166.052297340007 0.000000000000 2336646.222683980130 2521924.943440339528 2521924.943440339528 2521924.943440339994 3378545.335751989856
4 4000000.000000010245 2336646.222683980130 2336646.222683980130 2336646.222683980130 2336646.222683980130 0.000000000000 2521924.943440339528 2521924.943440339528 2521924.943440339994 3378545.335751989856
2 4000000.000000009779 2521924.943440339528 2521924.943440339528 2521924.943440339528 2521924.943440339528 2521924.943440339528 0.000000000000 329472.437783479982 420523.516169599956 3378545.335751989856
3 4000000.000000009779 2521924.943440339528 2521924.943440339528 2521924.943440339528 2521924.943440339528 2521924.943440339528 329472.437783479982 0.000000000000 420523.516169599956 3378545.335751989856
1 4000000.000000010245 2521924.943440339994 2521924.943440339994 2521924.943440339994 2521924.943440339994 2521924.943440339994 420523.516169599956 420523.516169599956 0.000000000000 3378545.335751989856
6 4000000.000000000000 3378545.335751989856 3378545.335751989856 3378545.335751989856 3378545.335751989856 3378545.335751989856 3378545.335751989856 3378545.335751989856 3378545.335751989856 0.000000000000
