10
7 0.0000 1363740.1968 1363740.1968 1363740.1968 1744461.1390 1744461.1390 4000000.0000 4000000.0000 4000000.0000 4000000.0000
9 1363740.1968 0.0000 57608.5363 182896.3113 1744461.1390 1744461.1390 4000000.0000 4000000.0000 4000000.0000 4000000.0000
5 1363740.1968 57608.5363 0.0000 182896.3113 1744461.1390 1744461.1390 4000000.0000 4000000.0000 4000000.0000 4000000.0000
6 1363740.1968 182896.3113 182896.3113 0.0000 1744461.1390 1744461.1390 4000000.0000 4000000.0000 4000000.0000 4000000.0000
8 1744461.1390 1744461.1390 1744461.1390 1744461.1390 0.0000 758153.4034 4000000.0000 4000000.0000 4000000.0000 4000000.0000
10 1744461.1390 1744461.1390 1744461.1390 1744461.1390 758153.4034 0.0000 4000000.0000 4000000.0000 4000000.0000 4000000.0000
3 4000000.0000 4000000.0000 4000000.0000 4000000.0000 4000000.0000 4000000.0000 0.0000 232264.1549 1470528.6643 1470528.6643
1 4000000.0000 4000000.0000 4000000.0000 4000000.0000 4000000.0000 4000000.0000 232264.1549 0.0000 1470528.6643 1470528.6643
2 4000000.0000 4000000.0000 4000000.0000 4000000.0000 4000000.0000 4000000.0000 1470528.6643 1470528.6643 0.0000 696504.5410
4 4000000.0000 4000000.0000 4000000.0000 4000000.0000 4000000.0000 4000000.0000 1470528.6643 1470528.6643 696504.5410 0.0000
