10
7 0.000000000000 1363740.196776540019 1363740.196776540019 1363740.196776540019 1744461.138977719937 1744461.138977719937 4000000.000000000000 4000000.000000000000 4000000.000000009779 4000000.000000009779
9 1363740.196776540019 0.000000000000 57608.536349399998 182896.311337599996 1744461.138977719937 1744461.138977719937 4000000.000000000000 4000000.000000000000 4000000.000000009779 4000000.000000009779
5 1363740.196776540019 57608.536349399998 0.000000000000 182896.311337599996 1744461.138977719937 1744461.138977719937 4000000.000000000000 4000000.000000000000 4000000.000000009779 4000000.000000009779
6 1363740.196776540019 182896.311337599996 182896.311337599996 0.000000000000 1744461.138977719937 1744461.138977719937 4000000.000000000000 4000000.000000000000 4000000.000000009779 4000000.000000009779
8 1744461.138977719937 1744461.138977719937 1744461.138977719937 1744461.138977719937 0.000000000000 758153.403372640023 4000000.000000000000 4000000.000000000000 4000000.000000009779 4000000.000000009779
10 1744461.138977719937 1744461.138977719937 1744461.138977719937 1744461.138977719937 758153.403372640023 0.000000000000 4000000.000000000000 4000000.000000000000 4000000.000000009779 4000000.000000009779
3 4000000.000000000000 4000000.000000000000 4000000.000000000000 4000000.000000000000 4000000.000000000000 4000000.000000000000 0.000000000000 232264.154925740004 1470528.664268549997 1470528.664268549997
1 4000000.000000000000 4000000.000000000000 4000000.000000000000 4000000.000000000000 4000000.000000000000 4000000.000000000000 232264.154925740004 0.000000000000 1470528.664268549997 1470528.664268549997
2 4000000.000000009779 4000000.000000009779 4000000.000000009779 4000000.000000009779 4000000.000000009779 4000000.000000009779 1470528.664268549997 1470528.664268549997 0.000000000000 696504.540981619968
4 4000000.000000009779 4000000.000000009779 4000000.000000009779 4000000.000000009779 4000000.000000009779 4000000.000000009779 1470528.664268549997 1470528.664268549997 696504.540981619968 0.000000000000
