10
2 0.0000 114173.0603 294699.5387 294699.5387 1633937.3976 1633937.3976 1633937.3976 1633937.3976 1633937.3976 4000000.0000
6 114173.0603 0.0000 294699.5387 294699.5387 1633937.3976 1633937.3976 1633937.3976 1633937.3976 1633937.3976 4000000.0000
10 294699.5387 294699.5387 0.0000 33053.8167 1633937.3976 1633937.3976 1633937.3976 1633937.3976 1633937.3976 4000000.0000
9 294699.5387 294699.5387 33053.8167 0.0000 1633937.3976 1633937.3976 1633937.3976 1633937.3976 1633937.3976 4000000.0000
7 1633937.3976 1633937.3976 1633937.3976 1633937.3976 0.0000 1213082.5546 1213082.5546 1213082.5546 1213082.5546 4000000.0000
5 1633937.3976 1633937.3976 1633937.3976 1633937.3976 1213082.5546 0.0000 244509.5253 244509.5253 1113667.9979 4000000.0000
3 1633937.3976 1633937.3976 1633937.3976 1633937.3976 1213082.5546 244509.5253 0.0000 19001.5683 1113667.9979 4000000.0000
8 1633937.3976 1633937.3976 1633937.3976 1633937.3976 1213082.5546 244509.5253 19001.5683 0.0000 1113667.9979 4000000.0000
4 1633937.3976 1633937.3976 1633937.3976 1633937.3976 1213082.5546 1113667.9979 1113667.9979 1113667.9979 0.0000 4000000.0000
1 4000000.0000 4000000.0000 4000000.0000 4000000.0000 4000000.0000 4000000.0000 4000000.0000 4000000.0000 4000000.0000 0.0000
