10
9 0.0000 1765275.6550 3782856.5274 4000000.0000 4000000.0000 4000000.0000 4000000.0000 4000000.0000 4000000.0000 4000000.0000
10 1765275.6550 0.0000 3782856.5274 4000000.0000 4000000.0000 4000000.0000 4000000.0000 4000000.0000 4000000.0000 4000000.0000
8 3782856.5274 3782856.5274 0.0000 4000000.0000 4000000.0000 4000000.0000 4000000.0000 4000000.0000 4000000.0000 4000000.0000
5 4000000.0000 4000000.0000 4000000.0000 0.0000 81672.3909 2623592.6246 3950331.7677 3950331.7677 3950331.7677 3950331.7677
3 4000000.0000 4000000.0000 4000000.0000 81672.3909 0.0000 2623592.6246 3950331.7677 3950331.7677 3950331.7677 3950331.7677
7 4000000.0000 4000000.0000 4000000.0000 2623592.6246 2623592.6246 0.0000 3950331.7677 3950331.7677 3950331.7677 3950331.7677
1 4000000.0000 4000000.0000 4000000.0000 3950331.7677 3950331.7677 3950331.7677 0.0000 394058.6628 394058.6628 620703.5794
2 4000000.0000 4000000.0000 4000000.0000 3950331.7677 3950331.7677 3950331.7677 394058.6628 0.0000 191889.3637 620703.5794
6 4000000.0000 4000000.0000 4000000.0000 3950331.7677 3950331.7677 3950331.7677 394058.6628 191889.3637 0.0000 620703.5794
4 4000000.0000 4000000.0000 4000000.0000 3950331.7677 3950331.7677 3950331.7677 620703.5794 620703.5794 620703.5794 0.0000
